// Monsters Additional Database
//
// Structure of Database :
// ID,Sprite_Name,kROName,iROName,LV,HP,SP,EXP,JEXP,Range1,ATK1,ATK2,DEF,MDEF,STR,AGI,VIT,INT,DEX,LUK,Range2,Range3,Scale,Race,Element,Mode,Speed,aDelay,aMotion,dMotion,MEXP,ExpPer,MVP1id,MVP1per,MVP2id,MVP2per,MVP3id,MVP3per,Drop1id,Drop1per,Drop2id,Drop2per,Drop3id,Drop3per,Drop4id,Drop4per,Drop5id,Drop5per,Drop6id,Drop6per,Drop7id,Drop7per,Drop8id,Drop8per,Drop9id,Drop9per,DropCardid,DropCardper

// Easter Event Monsters
//1920,EASTER_EGG,Easter Egg,Easter Egg,3,300,0,4,4,0,1,2,20,20,1,1,1,1,1,20,10,12,0,0,60,128,1000,1001,1,1,0,0,0,0,0,0,0,0,1010,250,935,500,558,300,501,200,501,200,713,800,558,300,558,300,0,0,0,0
//1921,EASTER_BUNNY,Easter Bunny,Easter Bunny,6,1800,0,60,55,1,20,26,0,40,1,36,6,1,11,80,10,10,0,2,60,181,200,1456,456,336,0,0,0,0,0,0,0,0,2250,200,515,8000,727,1200,746,1500,706,30,622,50,534,5000,0,0,0,0,4006,70

// eAthena Dev Team
//1900,VALARIS,Valaris,Valaris,99,668000,0,107250,37895,2,3220,4040,35,45,1,152,96,85,120,95,10,10,2,6,67,1973,100,1068,768,576,13000,5000,608,1000,750,400,923,3800,1466,200,2256,200,2607,800,714,500,617,3000,984,4300,985,5600,0,0,0,0,4147,1
//1901,VALARIS_WORSHIPPER,Valaris's Worshipper,Valaris's Worshipper,50,8578,0,2706,1480,1,487,590,15,25,1,75,55,1,93,45,10,12,0,6,27,1685,100,868,480,120,0,0,0,0,0,0,0,0,923,500,984,63,1464,2,607,50,610,100,503,300,2405,50,0,0,0,0,4129,1
//1902,MC_CAMERI,MC Cameri,MC Cameri,99,668000,0,107250,37895,2,3220,4040,35,45,1,152,96,85,120,95,10,10,2,6,67,1973,100,1068,768,576,13000,5000,608,1000,750,400,923,3800,1466,200,2256,200,2607,800,714,500,617,3000,984,4300,985,5600,0,0,0,0,4147,1
//1903,POKI,Poki#3,Poki#3,99,1349000,0,4093000,1526000,9,4892,9113,22,35,1,180,39,67,193,130,10,12,1,7,64,1973,120,500,672,480,92100,7000,603,5500,617,3000,1723,1000,1228,100,1236,500,617,2500,1234,75,1237,125,1722,250,1724,100,1720,50,0,0,0,0
//1904,SENTRY,Sentry,Sentry,99,668000,0,107250,37895,2,3220,4040,35,45,1,152,96,85,120,95,10,10,2,6,67,1973,100,1068,768,576,13000,5000,608,1000,750,400,923,3800,1466,200,2256,200,2607,800,714,500,617,3000,984,4300,985,5600,0,0,0,0,4147,1

//Custom Hollow Poring (overrrides/collides with META_ANDRE)
//1237,HOLLOW_PORING,Hollow Poring,Hollow Poring,1,50,0,2,1,1,7,10,0,5,1,1,1,0,6,30,10,12,1,3,21,0x83,400,1872,672,480,0,0,0,0,0,0,0,0,909,7000,1202,100,938,400,512,1000,713,1500,512,150,619,20,0,0,0,0,4001,10
//Custom Fire Poring. Warning, Colides with META_DENIRO
//1239,FIRE_PORING,Fire Poring,Fire Poring,1,50,0,2,1,1,7,10,0,5,1,1,1,1,6,30,10,12,1,3,21,131,400,1872,672,480,0,0,0,0,0,0,0,0,909,7000,1202,100,938,400,512,1000,713,1500,741,5,619,20,0,0,0,0,4001,20

//Lunar New Year 2008 Event Monster overrides
//Uncomment if event is enabled, as these drops modifications are nessecary.
//1145,MARTIN,Martin,Martin,18,1109,0,134,86,1,52,63,0,5,12,18,30,15,15,5,10,12,0,2,42,0x81,300,1480,480,480,0,0,0,0,0,0,0,0,1017,9000,1018,500,1251,10,2225,5,5009,1,10010,10,2224,15,7869,1500,0,0,4046,1
//1175,TAROU,Tarou,Tarou,11,284,0,57,28,1,34,45,0,0,1,20,11,10,24,5,10,12,0,2,27,0x91,150,1744,1044,684,0,0,0,0,0,0,0,0,1016,9000,919,3000,949,800,528,1000,701,2,7869,2500,0,0,0,0,0,0,4028,1
//1209,CRAMP,Cramp,Cramp,56,4720,0,2300,1513,1,395,465,0,5,1,85,35,5,65,60,10,12,0,2,45,0x3095,100,1000,500,1000,0,0,0,0,0,0,0,0,7007,4656,528,1000,726,80,746,110,568,250,510,70,984,95,7869,1500,0,0,4296,1

//St. Patricks 2008 Eent Monster overrides
//Uncomment if event is enabled, as these drops modifications are nessecary.
//1841,G_SNAKE_,Snake Lord's Minon,Snake Lord's Minon,15,471,0,72,48,1,46,55,0,0,1,15,15,10,35,5,10,12,1,2,22,0x81,200,1576,576,576,0,0,0,0,0,0,0,0,7915,1000,7916,100,7720,30,12715,7,0,0,0,0,0,0,0,0,0,0,0,0
//1842,G_ANACONDAQ_,Snake Lord's Minon,Snake Lord's Minon,23,1109,0,300,149,1,124,157,0,0,1,23,28,10,36,5,10,12,1,2,25,0x91,200,1576,576,576,0,0,0,0,0,0,0,0,7915,1000,7916,100,7720,30,12715,7,0,0,0,0,0,0,0,0,0,0,0,0
//1843,SIDE_WINDER_,Snake Lord's Minon,Snake Lord's Minon,43,4929,0,1996,993,1,240,320,5,10,38,43,40,15,115,20,10,12,1,2,25,0x3095,200,1576,576,576,0,0,0,0,0,0,0,0,7915,1000,7916,100,7720,30,12715,7,0,0,0,0,0,0,0,0,0,0,0,0
//1844,G_ISIS_,Snake Lord's Minon,Snake Lord's Minon,47,7003,0,3709,1550,1,423,507,10,35,38,65,43,50,66,15,10,12,2,6,27,0x3195,200,1384,768,336,0,0,0,0,0,0,0,0,7915,1000,7916,100,7720,30,12715,8,0,0,0,0,0,0,0,0,0,0,0,0


//==============================================
//= DELIVERANCE MODIFIED STUFF FROM MOB_DB.TXT =
//==============================================

// Lord of Chaos
1003,LORD_OF_CHAOS,Lord of Chaos,Lord of Chaos,140,1234567,0,1500000,750000,2,6000,12000,80,80,1,185,185,185,200,195,10,10,2,6,88,1461,100,584,576,480,1833000,10000,32154,350,0,0,0,0,0,0,0,0,0,0,0,0,0,0,0,0,0,0,0,0,0,0,0,0

// GM Fangirl
1006,GM_FANGIRL,GM Fangirl,GM Fangirl,99,95000,0,1,1,2,2680,3640,35,80,1,152,96,85,190,105,10,10,2,6,88,1973,100,1068,768,576,0,0,0,0,0,0,0,0,0,0,0,0,0,0,0,0,0,0,0,0,0,0,0,0,0,0,0,0

// G Skoll Pup
1017,G_SKOLL_PUP,Skoll Pup,Skoll Pup,80,260000,0,0,0,1,1400,3600,31,53,26,99,68,159,110,47,10,12,1,2,43,0x37B5,150,562,288,336,0,0,0,0,0,0,0,0,0,0,0,0,0,0,0,0,0,0,0,0,0,0,0,0,0,0,0,0

// G Gajomart
1021,G_GAJOMART,Gajomart,Gajomart,63,13699,0,0,0,1,916,948,85,50,1,34,10,5,75,140,10,12,0,0,83,0x37B5,300,1000,1152,828,0,0,0,0,0,0,0,0,0,0,0,0,0,0,0,0,0,0,0,0,0,0,0,0,0,0,0,0

// Fenrir
1022,WEREWOLF,Werewolf,Werewolf,80,33333,0,11813,7289,2,2560,3280,75,60,1,55,60,1,135,27,10,10,2,6,40,1173,100,1000,768,652,1,0,0,0,0,0,0,0,0,0,0,0,0,0,0,0,0,0,0,0,0,0,0,0,0,0,32152,500

// Hollowring
1395,CRYSTAL_1,Hollowring,Hollowring,1,999999,0,200000,100000,2,9999,9999,100,99,99,99,99,99,255,27,10,10,2,6,40,1173,100,1000,768,652,0,0,0,0,0,0,0,0,909,10000,909,10000,7126,10000,7126,10000,535,10000,535,10000,0,0,0,0,0,0,0,0

// Berzebub
1396,CRYSTAL_2,Berzebub,Berzebub,99,4600000,0,600000,400000,1,3000,5000,32,84,1,55,52,286,195,28,10,12,2,8,88,0x37B5,200,812,912,288,467910,10000,32153,1000,12079,15,617,1000,32150,1000,2311,1000,1562,150,2655,10,1007,180,2665,20,1009,300,5181,5,0,0,4145,1

// Skoll
1397,CRYSTAL_3,Skoll,Skoll,99,2800000,0,400000,200000,1,8000,10000,35,49,100,183,37,160,167,79,10,12,2,2,83,0x37B5,100,562,288,336,100000,165,969,10000,7444,165,617,10000,32155,10000,714,10000,994,10000,7086,125,12090,17,12103,165,13891,10,1814,90,5182,5,32101,1

// Skoll Pup
1398,CRYSTAL_4,Skoll Pup,Skoll Pup,80,260000,0,42000,26000,1,2400,4600,21,36,50,99,68,103,155,47,10,12,1,2,43,0x37B5,150,562,288,336,0,0,0,0,0,0,0,0,7096,10000,628,10000,5118,85,12043,3,7086,1,699,60,691,60,697,60,0,0,32102,1

// Dark Wizard - Anubis in use on new SVN
//1098,ANUBIS,Dark Wizard,Dark Wizard,99,1636700,0,2008200,869920,1,4197,6394,30,58,1,89,42,253,159,93,10,12,1,7,68,1693,150,1152,384,288,504100,10000,617,1000,607,1000,5135,100,32156,1000,5045,80,1620,50,32053,50,5138,30,0,0,0,0,0,0,0,0

// Cucco
1501,PARASITE_BULLET,Cucco,Cucco,79,285400,0,0,0,2,2452,3810,75,20,108,125,89,45,155,56,10,12,2,2,60,1693,275,505,224,200,0,0,0,0,0,0,0,0,916,1000,925,50,517,1000,5129,1,0,0,0,0,0,0,0,0,0,0,0,0



//===========================================
//And now for the bane of every SVN upgrade =
//===========================================
//Regular mobs edits =
//====================

1324,TREASURE_BOX1,Treasure Chest,Treasure Chest,99,0,0,0,0,0,0,0,0,0,0,0,0,0,255,0,0,0,0,0,20,0x120,0,0,0,0,0,0,0,0,0,0,0,0,732,20,608,20,607,20,2504,20,2404,20,2315,20,2104,20,616,5,0,0,0,0
1325,TREASURE_BOX2,Treasure Chest,Treasure Chest,99,0,0,0,0,0,0,0,0,0,0,0,0,0,255,0,0,0,0,0,20,0x120,0,0,0,0,0,0,0,0,0,0,0,0,7073,10,658,150,604,50,984,50,985,50,1239,10,5027,20,1165,5,0,0,0,0
1326,TREASURE_BOX3,Treasure Chest,Treasure Chest,99,0,0,0,0,0,0,0,0,0,0,0,0,0,255,0,0,0,0,0,20,0x120,0,0,0,0,0,0,0,0,0,0,0,0,732,20,608,20,607,20,2504,20,2404,20,2315,20,2104,20,616,5,0,0,0,0
1327,TREASURE_BOX4,Treasure Chest,Treasure Chest,99,0,0,0,0,0,0,0,0,0,0,0,0,0,255,0,0,0,0,0,20,0x120,0,0,0,0,0,0,0,0,0,0,0,0,7074,10,658,150,604,50,984,50,985,50,2108,10,1306,20,5022,2,0,0,0,0
1328,TREASURE_BOX5,Treasure Chest,Treasure Chest,99,0,0,0,0,0,0,0,0,0,0,0,0,0,255,0,0,0,0,0,20,0x120,0,0,0,0,0,0,0,0,0,0,0,0,732,20,608,20,607,20,2504,20,2404,20,2315,20,2104,20,616,5,0,0,0,0
1329,TREASURE_BOX6,Treasure Chest,Treasure Chest,99,0,0,0,0,0,0,0,0,0,0,0,0,0,255,0,0,0,0,0,20,0x120,0,0,0,0,0,0,0,0,0,0,0,0,7075,10,658,150,604,50,984,50,985,50,2102,20,5019,20,5002,5,0,0,0,0
1330,TREASURE_BOX7,Treasure Chest,Treasure Chest,99,0,0,0,0,0,0,0,0,0,0,0,0,0,255,0,0,0,0,0,20,0x120,0,0,0,0,0,0,0,0,0,0,0,0,732,20,608,20,607,20,2504,20,2404,20,2315,20,2104,20,616,5,0,0,0,0
1331,TREASURE_BOX8,Treasure Chest,Treasure Chest,99,0,0,0,0,0,0,0,0,0,0,0,0,0,255,0,0,0,0,0,20,0x120,0,0,0,0,0,0,0,0,0,0,0,0,7076,10,658,150,604,50,984,50,985,50,2616,5,2334,20,2622,5,0,0,0,0
1332,TREASURE_BOX9,Treasure Chest,Treasure Chest,99,0,0,0,0,0,0,0,0,0,0,0,0,0,255,0,0,0,0,0,20,0x120,0,0,0,0,0,0,0,0,0,0,0,0,732,20,608,20,607,20,2504,20,2404,20,2315,20,2104,20,616,5,0,0,0,0
1333,TREASURE_BOX10,Treasure Chest,Treasure Chest,99,0,0,0,0,0,0,0,0,0,0,0,0,0,255,0,0,0,0,0,20,0x120,0,0,0,0,0,0,0,0,0,0,0,0,7077,10,658,150,604,50,984,50,985,50,2104,10,2331,10,2623,5,0,0,0,0
1334,TREASURE_BOX11,Treasure Chest,Treasure Chest,99,0,0,0,0,0,0,0,0,0,0,0,0,0,255,0,0,0,0,0,20,0x120,0,0,0,0,0,0,0,0,0,0,0,0,732,20,608,20,607,20,2504,20,2404,20,2315,20,2104,20,616,5,0,0,0,0
1335,TREASURE_BOX12,Treasure Chest,Treasure Chest,99,0,0,0,0,0,0,0,0,0,0,0,0,0,255,0,0,0,0,0,20,0x120,0,0,0,0,0,0,0,0,0,0,0,0,7078,10,658,150,604,50,984,50,985,50,2270,10,1716,10,2256,9,0,0,0,0
1336,TREASURE_BOX13,Treasure Chest,Treasure Chest,99,0,0,0,0,0,0,0,0,0,0,0,0,0,255,0,0,0,0,0,20,0x120,0,0,0,0,0,0,0,0,0,0,0,0,732,20,608,20,607,20,2504,20,2404,20,2315,20,2104,20,616,5,0,0,0,0
1337,TREASURE_BOX14,Treasure Chest,Treasure Chest,99,0,0,0,0,0,0,0,0,0,0,0,0,0,255,0,0,0,0,0,20,0x120,0,0,0,0,0,0,0,0,0,0,0,0,7079,10,658,150,604,50,984,50,985,50,1238,10,1531,10,2318,9,0,0,0,0
1338,TREASURE_BOX15,Treasure Chest,Treasure Chest,99,0,0,0,0,0,0,0,0,0,0,0,0,0,255,0,0,0,0,0,20,0x120,0,0,0,0,0,0,0,0,0,0,0,0,732,20,608,20,607,20,2504,20,2404,20,2315,20,2104,20,616,5,0,0,0,0
1339,TREASURE_BOX16,Treasure Chest,Treasure Chest,99,0,0,0,0,0,0,0,0,0,0,0,0,0,255,0,0,0,0,0,20,0x120,0,0,0,0,0,0,0,0,0,0,0,0,7080,10,658,150,604,50,984,50,985,50,2626,20,1472,10,2327,9,0,0,0,0
1340,TREASURE_BOX17,Treasure Chest,Treasure Chest,99,0,0,0,0,0,0,0,0,0,0,0,0,0,255,0,0,0,0,0,20,0x120,0,0,0,0,0,0,0,0,0,0,0,0,732,20,608,20,607,20,2504,20,2404,20,2315,20,2104,20,616,5,0,0,0,0
1341,TREASURE_BOX18,Treasure Chest,Treasure Chest,99,0,0,0,0,0,0,0,0,0,0,0,0,0,255,0,0,0,0,0,20,0x120,0,0,0,0,0,0,0,0,0,0,0,0,7081,10,658,150,604,50,984,50,985,50,1143,10,1237,10,2235,9,0,0,0,0
1342,TREASURE_BOX19,Treasure Chest,Treasure Chest,99,0,0,0,0,0,0,0,0,0,0,0,0,0,255,0,0,0,0,0,20,0x120,0,0,0,0,0,0,0,0,0,0,0,0,732,20,608,20,607,20,2504,20,2404,20,2315,20,2104,20,616,5,0,0,0,0
1343,TREASURE_BOX20,Treasure Chest,Treasure Chest,99,0,0,0,0,0,0,0,0,0,0,0,0,0,255,0,0,0,0,0,20,0x120,0,0,0,0,0,0,0,0,0,0,0,0,7082,10,658,150,604,50,984,50,985,50,617,10,1144,10,5007,9,0,0,0,0
1344,TREASURE_BOX21,Treasure Chest,Treasure Chest,99,0,0,0,0,0,0,0,0,0,0,0,0,0,255,0,0,0,0,0,20,0x120,0,0,0,0,0,0,0,0,0,0,0,0,732,20,608,20,607,20,2504,20,2404,20,2315,20,2104,20,616,5,0,0,0,0
1345,TREASURE_BOX22,Treasure Chest,Treasure Chest,99,0,0,0,0,0,0,0,0,0,0,0,0,0,255,0,0,0,0,0,20,0x120,0,0,0,0,0,0,0,0,0,0,0,0,7083,10,658,150,604,50,984,50,985,50,2508,10,2336,10,2621,9,0,0,0,0
1346,TREASURE_BOX23,Treasure Chest,Treasure Chest,99,0,0,0,0,0,0,0,0,0,0,0,0,0,255,0,0,0,0,0,20,0x120,0,0,0,0,0,0,0,0,0,0,0,0,732,20,608,20,607,20,2504,20,2404,20,2315,20,2104,20,616,5,0,0,0,0
1347,TREASURE_BOX24,Treasure Chest,Treasure Chest,99,0,0,0,0,0,0,0,0,0,0,0,0,0,255,0,0,0,0,0,20,0x120,0,0,0,0,0,0,0,0,0,0,0,0,7084,10,658,150,604,50,984,50,985,50,2106,10,1164,5,5025,9,0,0,0,0
1348,TREASURE_BOX25,Treasure Chest,Treasure Chest,99,0,0,0,0,0,0,0,0,0,0,0,0,0,255,0,0,0,0,0,20,0x120,0,0,0,0,0,0,0,0,0,0,0,0,732,20,608,20,607,20,2504,20,2404,20,2315,20,2104,20,616,5,0,0,0,0
1349,TREASURE_BOX26,Treasure Chest,Treasure Chest,99,0,0,0,0,0,0,0,0,0,0,0,0,0,255,0,0,0,0,0,20,0x120,0,0,0,0,0,0,0,0,0,0,0,0,7085,10,658,150,604,50,984,50,985,50,2231,10,2624,3,2286,5,0,0,0,0
1350,TREASURE_BOX27,Treasure Chest,Treasure Chest,99,0,0,0,0,0,0,0,0,0,0,0,0,0,255,0,0,0,0,0,20,0x120,0,0,0,0,0,0,0,0,0,0,0,0,732,20,608,20,607,20,2504,20,2404,20,2315,20,2104,20,616,5,0,0,0,0
1351,TREASURE_BOX28,Treasure Chest,Treasure Chest,99,0,0,0,0,0,0,0,0,0,0,0,0,0,255,0,0,0,0,0,20,0x120,0,0,0,0,0,0,0,0,0,0,0,0,7086,10,658,150,604,50,984,50,985,50,2283,10,2615,10,2234,10,0,0,0,0
1352,TREASURE_BOX29,Treasure Chest,Treasure Chest,99,0,0,0,0,0,0,0,0,0,0,0,0,0,255,0,0,0,0,0,20,0x120,0,0,0,0,0,0,0,0,0,0,0,0,732,20,608,20,607,20,2504,20,2404,20,2315,20,2104,20,616,5,0,0,0,0
1353,TREASURE_BOX30,Treasure Chest,Treasure Chest,99,0,0,0,0,0,0,0,0,0,0,0,0,0,255,0,0,0,0,0,20,0x120,0,0,0,0,0,0,0,0,0,0,0,0,7087,10,658,150,604,50,984,50,985,50,2507,10,2625,3,5045,3,0,0,0,0
1354,TREASURE_BOX31,Treasure Chest,Treasure Chest,99,0,0,0,0,0,0,0,0,0,0,0,0,0,255,0,0,0,0,0,20,0x120,0,0,0,0,0,0,0,0,0,0,0,0,732,20,608,20,607,20,2504,20,2404,20,2315,20,2104,20,616,5,0,0,0,0
1355,TREASURE_BOX32,Treasure Chest,Treasure Chest,99,0,0,0,0,0,0,0,0,0,0,0,0,0,255,0,0,0,0,0,20,0x120,0,0,0,0,0,0,0,0,0,0,0,0,7088,10,658,150,604,50,984,50,985,50,2407,20,2269,10,2317,10,0,0,0,0
1356,TREASURE_BOX33,Treasure Chest,Treasure Chest,99,0,0,0,0,0,0,0,0,0,0,0,0,0,255,0,0,0,0,0,20,0x120,0,0,0,0,0,0,0,0,0,0,0,0,732,20,608,20,607,20,2504,20,2404,20,2315,20,2104,20,616,5,0,0,0,0
1357,TREASURE_BOX34,Treasure Chest,Treasure Chest,99,0,0,0,0,0,0,0,0,0,0,0,0,0,255,0,0,0,0,0,20,0x120,0,0,0,0,0,0,0,0,0,0,0,0,7089,10,658,150,604,50,984,50,985,50,2109,10,2406,10,2258,10,0,0,0,0
1358,TREASURE_BOX35,Treasure Chest,Treasure Chest,99,0,0,0,0,0,0,0,0,0,0,0,0,0,255,0,0,0,0,0,20,0x120,0,0,0,0,0,0,0,0,0,0,0,0,732,20,608,20,607,20,2504,20,2404,20,2315,20,2104,20,616,5,0,0,0,0
1359,TREASURE_BOX36,Treasure Chest,Treasure Chest,99,0,0,0,0,0,0,0,0,0,0,0,0,0,255,0,0,0,0,0,20,0x120,0,0,0,0,0,0,0,0,0,0,0,0,7090,10,658,150,604,50,984,50,985,50,1142,10,2255,10,5017,10,0,0,0,0
1360,TREASURE_BOX37,Treasure Chest,Treasure Chest,99,0,0,0,0,0,0,0,0,0,0,0,0,0,255,0,0,0,0,0,20,0x120,0,0,0,0,0,0,0,0,0,0,0,0,732,20,608,20,607,20,2504,20,2404,20,2315,20,2104,20,616,5,0,0,0,0
1361,TREASURE_BOX38,Treasure Chest,Treasure Chest,99,0,0,0,0,0,0,0,0,0,0,0,0,0,255,0,0,0,0,0,20,0x120,0,0,0,0,0,0,0,0,0,0,0,0,7091,10,658,150,604,50,984,50,985,50,1417,3,5053,10,2229,10,0,0,0,0
1362,TREASURE_BOX39,Treasure Chest,Treasure Chest,99,0,0,0,0,0,0,0,0,0,0,0,0,0,255,0,0,0,0,0,20,0x120,0,0,0,0,0,0,0,0,0,0,0,0,732,20,608,20,607,20,2504,20,2404,20,2315,20,2104,20,616,5,0,0,0,0
1363,TREASURE_BOX40,Treasure Chest,Treasure Chest,99,0,0,0,0,0,0,0,0,0,0,0,0,0,255,0,0,0,0,0,20,0x120,0,0,0,0,0,0,0,0,0,0,0,0,7092,10,658,150,604,50,984,50,985,50,2506,10,2254,10,1529,9,0,0,0,0

// New Treasure Boxes
1938,TREASURE_BOX41,Treasure Chest,Treasure Chest,99,0,0,0,0,0,0,0,0,0,0,0,0,0,255,0,0,0,0,0,20,0x120,0,0,0,0,0,0,0,0,0,0,0,0,7830,10,658,150,12999,50,984,50,985,50,2514,5,1625,10,1268,10,0,0,0,0
1939,TREASURE_BOX42,Treasure Chest,Treasure Chest,99,0,0,0,0,0,0,0,0,0,0,0,0,0,255,0,0,0,0,0,20,0x120,0,0,0,0,0,0,0,0,0,0,0,0,7831,10,658,150,12999,50,984,50,985,50,2513,5,1375,10,1269,10,0,0,0,0
1940,TREASURE_BOX43,Treasure Chest,Treasure Chest,99,0,0,0,0,0,0,0,0,0,0,0,0,0,255,0,0,0,0,0,20,0x120,0,0,0,0,0,0,0,0,0,0,0,0,7832,10,658,150,12999,50,984,50,985,50,13027,10,1376,10,1271,10,0,0,0,0
1941,TREASURE_BOX44,Treasure Chest,Treasure Chest,99,0,0,0,0,0,0,0,0,0,0,0,0,0,255,0,0,0,0,0,20,0x120,0,0,0,0,0,0,0,0,0,0,0,0,7833,10,658,150,12999,50,984,50,985,50,13404,10,1730,10,0,0,0,0,0,0
1942,TREASURE_BOX45,Treasure Chest,Treasure Chest,99,0,0,0,0,0,0,0,0,0,0,0,0,0,255,0,0,0,0,0,20,0x120,0,0,0,0,0,0,0,0,0,0,0,0,7834,10,658,150,12999,50,984,50,985,50,1176,10,1734,10,1819,10,0,0,0,0
1943,TREASURE_BOX46,Treasure Chest,Treasure Chest,99,0,0,0,0,0,0,0,0,0,0,0,0,0,255,0,0,0,0,0,20,0x120,0,0,0,0,0,0,0,0,0,0,0,0,7835,10,658,150,12999,50,984,50,985,50,1421,10,1731,10,1822,10,0,0,0,0
1944,TREASURE_BOX47,Treasure Chest,Treasure Chest,99,0,0,0,0,0,0,0,0,0,0,0,0,0,255,0,0,0,0,0,20,0x120,0,0,0,0,0,0,0,0,0,0,0,0,7836,10,658,150,12999,50,984,50,985,50,1478,10,1732,10,2531,5,0,0,0,0
1945,TREASURE_BOX48,Treasure Chest,Treasure Chest,99,0,0,0,0,0,0,0,0,0,0,0,0,0,255,0,0,0,0,0,20,0x120,0,0,0,0,0,0,0,0,0,0,0,0,7837,10,658,150,12999,50,984,50,985,50,1624,10,1733,10,1821,10,0,0,0,0
1946,TREASURE_BOX49,Treasure Chest,Treasure Chest,99,0,0,0,0,0,0,0,0,0,0,0,0,0,255,0,0,0,0,0,20,0x120,0,0,0,0,0,0,0,0,0,0,0,0,7838,10,658,150,12999,50,984,50,985,50,1626,10,1270,10,2532,5,0,0,0,0








//Altered L3 Lightning Bolt drop (692,100 to 692,50)
1018,CREAMY,Creamy,Creamy,16,595,0,105,70,1,53,64,0,30,1,40,16,15,16,55,10,12,0,4,24,0x181,150,1136,720,840,0,0,0,0,0,0,0,0,924,9000,2322,10,518,150,602,100,2207,2,712,500,692,50,0,0,0,0,4040,1

// Drops altered (604,100 to 604,10)
1033,ELDER_WILOW,Elder Willow,Elder Willow,20,693,0,163,101,1,58,70,10,30,1,20,25,35,38,30,10,12,1,3,43,0x3095,200,1372,672,432,0,0,0,0,0,0,0,0,990,50,907,9000,1019,350,757,40,2329,30,690,100,604,10,0,0,0,0,4052,1

//Drops altered (1232,150 to 1232,50)(1255,600 to 1255,50) Ygg root added (0,0 to 32153,15).
1038,OSIRIS,Osiris,Osiris,78,415400,0,71500,28600,1,780,2880,10,25,1,75,30,37,86,40,10,12,1,1,89,0x37B5,100,1072,672,384,35750,10000,603,4000,608,3000,751,500,617,2000,1232,50,2235,200,1255,50,1009,1000,5053,150,984,3783,32153,15,0,0,4144,1

//Drops altered (1466,200 to 1466,50)(2256,200 to 2256,50). Ygg root and summoner added (32153,15 & 29124,3).
1039,BAPHOMET,Baphomet,Baphomet,81,668000,0,107250,37895,2,3220,4040,35,45,1,152,30,85,120,95,10,12,2,6,67,0x37B5,100,768,768,576,53625,10000,607,2000,750,500,923,5000,1466,50,2256,50,1476,50,714,500,5160,10,985,5432,984,4171,32153,15,29124,3,4147,1

//Drops altered (748,30 to 748,10)
1044,OBEAUNE,Obeaune,Obeaune,31,3952,0,644,407,1,141,165,0,40,1,31,31,55,74,85,10,12,1,5,41,0x3095,200,1872,672,288,0,0,0,0,0,0,0,0,995,13,950,9000,5014,1,2326,10,720,10,951,500,748,10,0,0,0,0,4093,1

//Drops altered (2258,350 to 2258,50)(2317,250 to 2317,50)(1162,220 to 1162,50)(1168,150 to 1168,50)(1411,550 to 1411,100). Summoner (29109,3) added.
1046,DOPPELGANGER,Doppelganger,Doppelganger,72,249000,0,51480,10725,1,1340,1590,60,35,88,90,30,35,125,65,10,12,1,6,67,0x37B5,100,480,480,288,25740,10000,724,1500,505,6000,0,0,2317,50,1162,50,1168,50,2258,50,1411,100,985,3686,984,2700,29109,3,0,0,4142,1

//Drops altered (1413,150 to 1413,50)(2249,250 to 2249,50).
1059,MISTRESS,Mistress,Mistress,74,212000,0,39325,27170,1,880,1110,40,60,50,165,60,95,70,130,10,12,0,4,84,0x37B5,100,1148,648,300,19662,10000,996,1500,526,4000,722,3000,1413,50,518,10000,2249,50,616,1000,7018,10,985,4268,984,3300,0,0,0,0,4132,1

//Drops altered (969,1000 to 969,200). Summon added (29110,4). Stats beefed (HP 126000 to 246000)(870 to 2245)(1145 to 2645)(75 to 150)(85 to 150).
1086,GOLDEN_BUG,Golden Thief Bug,Golden Thief Bug,64,246000,0,14300,7150,1,2245,2645,60,45,65,150,35,45,150,150,10,12,2,4,43,0x11AB,100,768,768,480,7150,10000,2610,2000,701,1000,0,0,969,200,1524,150,2246,250,10016,500,714,300,985,2000,984,1500,29110,4,0,0,4128,1

//Drops altered (1366,150 to 1366,50). Summon added (29111,3).
1087,ORK_HERO,Orc Hero,Orc Hero,77,585700,0,58630,32890,1,2257,2542,40,45,1,91,30,70,105,90,10,12,2,7,42,0x37B5,150,1678,780,648,29315,10000,725,2000,607,1500,999,5000,968,9700,10018,500,1366,50,2106,250,1124,1000,985,4559,984,3589,29111,3,0,0,4143,1

//Drops altered (2420,1000 to 2420,50).
1088,VOCAL,Vocal,Vocal,18,3016,0,110,88,1,71,82,10,30,77,28,26,30,53,40,10,12,1,4,22,0x3795,200,1080,648,480,0,0,0,0,0,0,0,0,2247,50,940,8000,721,1000,752,1500,2420,50,645,700,1917,10,0,0,0,0,4211,1

//Drops altered (5125,1000 to 5125,10).
1089,TOAD,Toad,Toad,10,5065,0,100,50,1,26,32,0,0,1,5,10,10,10,25,10,12,1,5,21,0x37B5,200,1236,336,432,0,0,0,0,0,0,0,0,2244,50,518,2000,729,1000,746,1500,970,100,971,100,5125,10,0,0,0,0,4306,1

//Drops altered (2521,1000 to 2521,50)(1148,100 to 1148,20).
1092,VAGABOND_WOLF,Vagabond Wolf,Vagabond Wolf,24,12240,0,247,176,1,135,159,10,0,57,45,48,20,50,65,10,12,1,2,22,0x37B5,150,1048,648,432,0,0,0,0,0,0,0,0,2248,200,920,8000,728,1500,1148,20,2521,50,725,10,626,50,0,0,0,0,4183,1

//Drops altered (2355,1000 to 2355,50).
1093,ECLIPSE,Eclipse,Eclipse,6,1800,0,60,55,1,20,26,0,40,1,36,6,0,11,80,10,12,1,2,60,0x37B5,200,1456,456,336,0,0,0,0,0,0,0,0,2250,200,507,8000,727,1200,746,1500,706,30,622,50,2355,50,0,0,0,0,4266,1

//Added Yggroot (32153,1) Added Summoner (29025,4).
1101,BAPHOMET_,Baphomet Jr.,Baphomet Jr.,50,8578,0,2706,1480,1,487,590,15,25,1,75,55,1,93,45,10,12,0,6,27,0x3795,100,868,480,120,0,0,0,0,0,0,0,0,923,500,984,63,1464,2,607,50,610,100,508,1300,2405,50,32153,1,29025,4,4129,1

//Bathory buffed (5415 to 6415)(198 to 218)(398 to 418). Summon added (0,0 to 29026,4)
1102,BATHORY,Bathory,Bathory,44,6415,0,2503,1034,1,218,418,0,60,1,76,24,85,65,15,10,12,1,7,27,0x3695,100,1504,840,900,0,0,0,0,0,0,0,0,1001,200,1061,4850,2252,3,1611,5,1000,30,1006,15,637,20,29026,4,0,0,4119,1

//Drop altered (1217,140 to 1217,10).
1106,DESERT_WOLF,Desert Wolf,Desert Wolf,27,1716,0,427,266,1,169,208,0,10,56,27,45,15,56,10,10,12,1,2,23,0x308D,200,1120,420,288,0,0,0,0,0,0,0,0,1253,5,7030,5500,2311,1,517,1200,920,2000,756,53,1217,10,0,0,0,0,4082,1

//Drops altered (1127,600 to 1127,150)(1125,950 to 1125,150)(1128,400 to 1128,150)(5019,350 to 5019,50)
1112,DRAKE,Drake,Drake,70,326666,0,28600,22880,1,1800,2100,20,35,85,80,49,75,79,50,10,12,1,1,29,0x37B5,400,620,420,360,14300,10000,504,5000,719,500,0,0,1127,150,1125,150,1135,150,1128,150,5019,50,985,3200,984,2300,0,0,0,0,4137,1

//Drops altered (2268,250 to 2268,150)(1258,500 to 1258,150). Summoner and Kaboom added (32200,20)(29112,3)
1115,EDDGA,Eddga,Eddga,65,152000,0,25025,12870,1,1215,1565,15,15,78,70,85,66,90,85,10,12,2,2,23,0x37B5,300,872,1344,432,12512,10000,1029,5000,1030,1000,994,3000,1133,150,2268,150,518,10000,1258,150,1030,250,985,2300,984,1700,32200,20,29112,3,4123,1

//Altered soulstrike drop (695,100 to 695,10).
1131,JOKER,Joker,Joker,57,12450,0,3706,2362,1,621,738,10,35,1,143,47,75,98,175,10,12,2,7,84,0x3695,100,1364,864,432,0,0,0,0,0,0,0,0,912,2000,616,2,641,20,508,1000,1259,1,984,100,695,10,0,0,0,0,4139,1

//Added Kaboom (32200,3).
1142,MARINE_SPHERE,Marine Sphere,Marine Sphere,28,3518,0,461,284,1,120,320,0,40,1,28,28,0,33,50,10,12,0,3,41,0x0,800,1201,1,1,0,0,0,0,0,0,0,0,1050,5000,1051,2500,1520,10,720,10,717,150,10003,10,32200,3,0,0,0,0,4084,1

//Drops altered (2615,200 to 2615,50)(2234,200 to 2234,50)
1147,MAYA,Maya,Maya,81,169000,0,42900,17875,1,1800,2070,60,25,95,97,76,95,82,105,10,12,2,4,82,0x37B5,100,864,1000,480,21450,10000,730,2000,603,3000,617,2000,10006,500,2615,50,2234,50,639,500,7020,10,985,3500,984,2500,0,0,0,0,4146,1

//BUFFHIM?
//Drops altered (1223,500 to 1223,150). Summon added (29115,3)
1159,PHREEONI,Phreeoni,Phreeoni,69,188000,0,32175,16445,1,880,1530,10,20,1,85,78,35,130,60,10,12,2,2,60,0x37B5,200,1020,1020,288,16087,10000,1008,500,730,1000,1000,4000,1015,9700,1223,150,1236,150,1014,5000,2288,300,985,2900,984,2100,29115,3,0,0,4121,1

//Drop rate altered (662,350 to 662,5). Kaboom added (32200,3). Summoner added (29051,4)
1170,SOHEE,Sohee,Sohee,33,5628,0,739,455,1,210,251,0,10,1,33,33,10,58,15,10,12,1,6,21,0x191,250,2112,912,576,0,0,0,0,0,0,0,0,1020,9000,1049,50,2277,1,2504,5,1217,5,507,1000,662,5,32200,3,29051,4,4100,1

//Drops altered (1363,200 to 1363,150)
1190,ORC_LORD,Orc Lord,Orc Lord,74,783000,0,62205,8580,1,3700,4150,40,5,85,82,30,70,110,85,10,12,2,7,82,0x37B5,100,1248,500,360,31102,10000,968,5500,617,2000,0,0,1363,150,2621,400,5007,400,1371,400,617,1000,985,4268,984,3100,0,0,0,0,4135,1

//Lowered drop (999,180 to 999,5).
1212,IRON_FIST,Iron Fist,Iron Fist,47,4221,0,1435,1520,1,430,590,40,5,1,25,15,10,81,20,10,12,1,4,60,0x3195,200,1500,500,1000,0,0,0,0,0,0,0,0,7010,5335,757,229,757,22,1002,750,999,5,998,300,0,0,0,0,0,0,4239,1

//Drops altered (1256,500 to 1256,150)(1815,500 to 1815,50). Everfrost added (32052,1). Summon added (29116,3).
1252,GARM,Garm,Garm,73,197000,0,50050,20020,3,1700,1900,40,45,85,126,82,65,95,60,10,12,2,2,81,0x37B5,400,608,408,336,25025,10000,7036,1000,603,3000,995,3000,7036,5500,1131,150,1256,150,1815,50,0,0,985,3977,984,2900,32052,1,29116,3,4324,1

//Drops altered (748,50 to 748,5). Summoner added (29068,4).
1261,WILD_ROSE,Wild Rose,Wild Rose,38,2980,0,1113,688,1,315,360,0,15,65,85,15,35,65,80,10,12,0,2,24,0x83,100,964,864,288,0,0,0,0,0,0,0,0,7053,5335,748,5,5037,120,1767,3000,624,35,528,600,2244,2,29068,4,0,0,4257,1

//Drops altered (1615,800 to 1615,200)(5017,550 to 5017,100)(1237,300 to 1237,100)(2334,300 to 2334,150). Summoner added (29119,3)
1272,DARK_LORD,Dark Lord,Dark Lord,80,720000,0,65780,45045,2,2800,3320,30,70,1,120,30,118,99,60,10,12,2,6,89,0x37B5,100,868,768,480,32890,10000,7005,6000,5093,500,617,2000,1615,200,5017,100,1237,100,2334,150,2507,100,985,5141,5162,10,29119,3,0,0,4168,1

//Drop altered (662,300 to 662,10).
1277,GREATEST_GENERAL,Greatest General,Greatest General,40,3632,0,1238,752,3,350,400,15,15,1,20,60,55,82,140,10,12,1,0,43,0x84,200,1152,1152,384,0,0,0,0,0,0,0,0,7054,2000,1019,2000,1501,100,662,10,2272,1,508,250,686,100,0,0,0,0,4283,1

//Added Yggroot (32153,1). Changed Silver Ring Drop (2611,150 to 2611,15).
1297,ANCIENT_MUMMY,Ancient Mummy,Ancient Mummy,64,40599,0,8040,3499,1,836,1129,27,27,28,19,32,5,83,35,10,12,1,1,49,0x3695,175,1772,120,384,0,0,0,0,0,0,0,0,930,4413,934,1800,2624,1,2611,15,508,650,756,150,757,100,32153,1,0,0,4248,1

//Drops altered (1141,80 to 1141,15). Added Yggroot (32153,15).
1312,TURTLE_GENERAL,Turtle General,Turtle General,97,320700,0,18202,9800,2,2438,3478,50,54,100,45,55,65,105,164,10,12,2,2,42,0x37B5,200,900,1000,500,9101,10000,967,5500,607,1500,617,2000,1529,8,1306,5,7480,200,1417,9,7070,5335,1141,15,658,1,32153,15,0,0,4305,1

//Summon added (0,0 to 29079,4)
1317,FUR_SEAL,Fur Seal,Seal,63,9114,0,3765,1824,1,845,1203,25,33,5,28,22,15,69,84,10,12,1,2,21,0x3885,200,1612,622,583,0,0,0,0,0,0,0,0,912,4365,510,250,2310,5,7053,1200,1452,1,525,200,746,120,29079,4,0,0,4312,1

//Altered heal scroll drop (12002,100 to 12002,50).
1368,GEOGRAPHER,Geographer,Geographer,56,8071,0,2715,2000,3,467,621,28,26,1,66,47,60,68,44,10,12,1,3,62,0x84,2000,1308,1008,480,0,0,0,0,0,0,0,0,1032,6200,1033,5500,2253,30,2207,50,12002,50,0,0,0,0,0,0,0,0,4280,1

//Drops altered (2611,500 to 2611,15)(2613,150 to 2613,15).
1370,SUCCUBUS,Succubus,Succubus,85,16955,0,5357,4322,2,1268,1686,54,48,1,97,95,103,89,87,10,12,1,6,67,0x3795,155,1306,1056,288,0,0,0,0,0,0,0,0,522,1500,2407,3,2611,15,2613,15,5066,1,1472,1,505,1000,0,0,0,0,4218,1

//Altered House Auger drop (1230,10 to 1230,1).
1373,LORD_OF_DEATH,Lord of Death,Lord of the Dead,94,603383,0,131343,43345,3,3430,4232,77,73,1,99,30,109,100,106,10,12,2,6,67,0x37B5,180,1446,1296,360,65671,10000,607,5500,732,5000,617,5000,7108,5335,1417,5,1230,1,2621,2,7109,10,1306,1,1529,2,0,0,0,0,4276,1

// Removed 7027,3000. Added 32053,1. Added 29087,4.
1377,ELDER,Elder,Elder,64,21592,0,5650,3408,3,421,560,45,68,1,76,68,108,72,86,10,12,2,7,80,0x91,165,1552,1152,336,0,0,0,0,0,0,0,0,7099,4000,7117,1500,7118,1500,1564,10,1473,1,616,1,32053,1,29087,4,0,0,4251,1

//Added Kaboom (32200,3).
1383,EXPLOSION,Explosion,Explosion,46,8054,0,2404,1642,1,336,447,35,27,1,61,56,50,66,38,10,12,0,2,63,0x3885,165,1260,960,336,0,0,0,0,0,0,0,0,7006,5500,7097,2200,7122,3200,756,800,522,400,32200,3,0,0,0,0,0,0,4267,1

//Added Yggroot (32153,15). Added Summoner (29120,3).
1389,DRACULA,Dracula,Dracula,85,320096,0,120157,38870,3,1625,1890,45,76,1,95,90,87,85,100,10,12,2,6,87,0x37B5,145,1290,1140,576,60078,10000,607,5500,732,5000,522,5000,607,4700,1473,5,1722,5,2507,15,2621,4,1557,4,32153,15,29120,3,0,0,4134,1

//Removed Cursed Water (12020,1000 to 0,0). Drops altered (1902,500 to 1902,15).
1390,VIOLY,Violy,Violy,75,18257,0,6353,3529,10,738,982,37,36,1,93,54,58,101,83,10,12,1,7,40,0x2085,170,1356,1056,540,0,0,0,0,0,0,0,0,1060,6305,12127,50,740,1200,1919,50,526,1400,1902,15,0,0,0,0,0,0,4209,1

//Altered drop (1000,1250 to 1000,10).
1404,MIYABI_NINGYO,Miyabi Ningyo,Miyabi Doll,33,6300,0,795,453,1,250,305,1,20,1,52,15,10,62,15,10,12,1,6,27,0x191,250,1938,2112,768,0,0,0,0,0,0,0,0,7152,5335,7153,2500,509,1550,1000,10,12127,10,13014,5,1904,2,0,0,0,0,4208,1

//Drop altered (604,400 to 604,100).
1410,LIVE_PEACH_TREE,Live Peach Tree,Enchanted Peach Tree,53,8905,0,2591,1799,7,301,351,10,38,72,45,35,39,80,5,10,12,1,3,42,0x2085,410,400,672,480,0,0,0,0,0,0,0,0,7164,4365,0,0,526,1000,604,100,532,100,603,5,0,0,0,0,0,0,4217,1

//Added Kaboom (32200,20). Added Summoner (29122,3). Altered Hellfire drop (1471,80 to 1471,30). Altered soft apron drop (661,2000 to 661,10)(1474,500 to 1474,50)
1418,DARK_SNAKE_LORD,Evil Snake Lord,Evil Snake Lord,73,254993,0,34288,17950,3,2433,4210,25,55,70,83,30,80,164,88,10,12,2,2,68,0x37B5,200,588,816,420,17144,10000,607,5500,608,3500,985,5500,7169,5820,10020,5100,1471,80,5012,80,1474,50,7226,900,661,10,32200,20,29122,3,4330,1

//Changed Azoth (1235,80 to 1235,30). Fuuma Rekka (13303,7500 to 13303,65). Added Summoner (29123,3)
1492,INCANTATION_SAMURAI,Incantation Samurai,Samurai Specter,71,218652,0,33095,18214,3,2219,3169,10,51,91,85,30,85,150,60,10,12,2,7,67,0x37B5,135,874,1344,576,16547,10000,607,5500,608,3500,985,5500,1165,2,985,3500,5096,500,607,4500,999,6305,13303,65,1235,30,29123,3,0,0,4263,1

//Added Yggroot (32153,1). Added (29096,4)
1493,DRYAD,Dryad,Dryad,50,8791,0,2763,1493,3,499,589,15,33,1,75,55,1,78,45,10,12,1,3,82,0x3885,170,950,2520,576,0,0,0,0,0,0,0,0,7197,5335,7198,1000,7188,3000,1951,80,1964,1,2270,10,7100,3000,32153,1,29096,4,4177,1

//Added Yggroot (32153,1).
1495,STONE_SHOOTER,Stone Shooter,Stone Shooter,42,4104,0,1238,752,10,309,350,12,45,1,40,20,79,92,20,10,12,1,3,63,0x3885,175,2413,1248,768,0,0,0,0,0,0,0,0,7203,5000,7201,5000,7188,1000,1019,2000,756,100,7049,1000,32153,1,0,0,0,0,4225,1

//Added Yggroot (32153,1). Added Summoner (29097,4)
1497,WOODEN_GOLEM,Wooden Golem,Wooden Golem,51,9200,0,1926,1353,1,570,657,32,36,1,41,69,5,85,155,10,12,2,3,82,0x3885,165,1543,1632,480,0,0,0,0,0,0,0,0,7189,4000,7188,4000,757,110,2270,10,604,100,7201,5000,921,1000,32153,1,29097,4,4259,1

//Added Yggroot (32153,1).
1498,WOOTAN_SHOOTER,Wootan Shooter,Wootan Shooter,39,3977,0,886,453,10,84,105,10,28,15,35,29,15,100,42,10,12,1,7,42,0x3885,200,857,1056,576,0,0,0,0,0,0,0,0,7195,4500,7200,3500,513,1000,7049,1000,512,100,7182,100,5116,10,32153,1,0,0,4260,1

//Added Yggroot (32153,1). Added Summoner (29098,4).
1499,WOOTAN_FIGHTER,Wootan Fighter,Wootan Fighter,41,4457,0,1790,833,1,395,480,30,19,1,41,31,10,45,30,10,12,1,7,43,0x3885,200,912,1344,480,0,0,0,0,0,0,0,0,517,4500,7196,4000,1801,3,1812,1,513,1000,7198,1000,5116,5,32153,1,29098,4,4261,1

//Added Yggroot (32153,1).
1500,PARASITE,Parasite,Parasite,49,5188,0,1098,1453,8,215,430,10,19,1,40,30,30,90,50,10,12,1,3,44,0x84,400,864,864,672,0,0,0,0,0,0,0,0,7193,5500,7194,2000,7186,3880,7198,500,1957,1,1969,1,711,500,32153,1,0,0,4309,1

//Drop rate altered (2505,13 to 2505,10). Summon added (29099,4).
1504,DULLAHAN,Dullahan,Dullahan,62,12437,0,4517,2963,2,647,1065,47,38,0,30,5,45,62,22,10,12,1,1,49,0x3885,155,847,1152,480,0,0,0,0,0,0,0,0,7209,3200,7210,4850,0,0,2505,10,2506,1,29099,4,0,0,0,0,0,0,4176,1

//Drops altered (5053,150 to 5053,50)(616,400 to 616,100)
1511,AMON_RA,Amon Ra,Amon Ra,88,1214138,0,87264,35891,3,1647,2576,26,52,0,1,90,124,74,45,14,12,2,7,62,0x1A4,170,854,2016,480,43632,10000,607,5500,608,3500,732,5500,5053,50,2615,50,7211,7760,985,3880,616,100,1552,10,607,3000,0,0,0,0,4236,1

//Drops altered and summon added (749,100 to 749,50)(12000,100 to 12000,5)(0,0 to 29102,4).
1515,GARM_BABY,Garm Baby,Garm Baby,61,20199,0,1022,2980,1,680,1179,34,13,45,30,56,55,85,30,10,12,1,2,41,0x3885,450,879,672,576,0,0,0,0,0,0,0,0,7270,1500,7269,2500,7066,4365,749,50,12000,5,29102,4,0,0,0,0,0,0,4323,1

//Drops altered (983,100 to 983,3). Summoner added (29104,4)
1582,DEVILING,Deviling,Deviling,31,64500,0,211,412,1,135,270,5,70,30,50,20,75,77,200,10,12,1,6,87,0x37B5,200,1072,1056,384,0,0,0,0,0,0,0,0,1039,3000,912,4850,2255,100,512,5000,7023,1,983,3,694,100,29104,4,0,0,4174,1

//Added Yggroots (32153,15). Altered binoc drop (2296,400 to 2296,50)
1583,TAO_GUNKA,Tao Gunka,Tao Gunka,70,193000,0,59175,10445,2,1450,1770,20,20,1,85,78,35,140,60,10,12,2,6,60,0x37B5,150,1020,288,144,29587,10000,984,6000,617,3000,505,6000,7300,4850,7067,4850,728,1000,2296,50,504,3000,1002,1000,2231,5,32153,15,0,0,4302,1

//Added Yggroots and Summoner (32153,1)(29105,4)
1584,TAMRUAN,Tamruan,Tamruan,52,10234,0,3812,55,1,489,534,15,35,80,62,38,75,72,15,10,12,2,6,67,0x318D,140,512,1152,672,0,0,0,0,0,0,0,0,7301,4850,7069,3000,1117,40,1155,8,2315,3,32153,1,29105,4,0,0,0,0,4304,1

//Added Yggroot and Summoner (32153,1)(29107,4)
1586,LEAF_CAT,Leaf Cat,Leaf Cat,38,2396,0,165,1212,1,266,307,5,19,25,67,12,45,60,29,10,12,0,2,22,0x83,150,960,864,720,0,0,0,0,0,0,0,0,7198,4365,520,300,608,5,1023,1100,568,250,567,500,7298,5335,32153,1,29107,4,4195,1

//Boots drop altered lower (2406,500 to 2406,5).
1618,UNGOLIANT,Ungoliant,Ungoliant,69,29140,0,8211,142,1,1290,2280,25,25,33,52,57,25,119,43,10,12,2,4,45,0x3795,350,420,576,420,0,0,0,0,0,0,0,0,7316,4500,1014,3500,1013,1000,7289,1500,7326,2500,718,1500,2406,5,0,0,0,0,4336,1

//Angry snarl drop lower (5113,50 to 5113,1).
1622,TEDDY_BEAR,Teddy Bear,Teddy Bear,71,8109,0,5891,3455,1,621,1432,19,32,5,155,32,41,121,26,10,12,0,0,60,0x3295,200,512,780,504,0,0,0,0,0,0,0,0,7317,3800,518,1000,615,300,13106,5,5113,1,2652,10,985,100,0,0,0,0,4340,1

//Black Blindfold lower (5104,3500 to 5104,3). MVP (732,5500) removed for first class pwnage (32065,30). Removed Slotted ice pick (13017,1 to 0,0)
1623,RSX_0806,RSX 0806,RSX-0806,86,560733,0,31010,32011,1,2740,5620,39,41,85,51,30,25,93,84,10,12,2,0,60,0x37B5,220,128,1104,240,15505,10000,607,5500,5104,3,32065,30,7093,6000,999,5000,0,0,617,1000,7327,5000,1242,100,1531,40,1230,5,0,0,4342,1


//Hellion Revenant - one eye drop only
1626,G_DARK_PRIEST,Hellion Revenant,Hellion Revenant,88,286900,0,1,1,2,50,3150,25,50,1,80,50,99,130,99,10,12,1,6,69,0x37B5,150,432,384,192,0,0,0,0,0,0,0,0,7337,8000,0,0,0,0,0,0,0,0,0,0,0,0,0,0,0,0,0,0

//Drop altered (5119,50 to 5119,10).
1628,MOLE,Mole,Holden,36,2209,0,268,172,9,52,63,0,5,24,18,23,30,45,5,10,12,0,2,42,0x1089,300,140,960,504,0,0,0,0,0,0,0,0,1017,5000,1018,5000,5119,10,13101,5,0,0,0,0,0,0,0,0,0,0,4343,1

//Bao drop altered (5042,50 to 5042,2).
1631,CHUNG_E_,Chung E,Green Maiden,59,23900,0,4256,920,2,460,1050,8,15,38,65,43,30,90,15,10,12,1,7,44,0x3885,150,1728,816,1188,0,0,0,0,0,0,0,0,7053,4200,740,100,1806,10,518,500,0,0,0,0,5042,2,0,0,0,0,4373,1

//Drop rate altered (719,100 to 719,10).
1632,GREMLIN,Gremlin,Gremlin,53,9280,0,4355,1768,1,329,762,29,25,80,41,59,75,62,15,10,12,2,6,47,0x191,140,432,540,432,0,0,0,0,0,0,0,0,7340,3000,938,3000,719,10,2406,1,1265,1,0,0,603,2,0,0,0,0,4355,1

//Drop rates altered (605,100 to 605,5)(996,100 to 996,10). Exp (4821,3822 to 4300,3500).
1633,BEHOLDER,Beholder,Beholder,56,7950,0,4300,3500,6,723,812,17,30,60,62,25,59,85,32,10,12,0,0,44,0x91,190,336,840,360,0,0,0,0,0,0,0,0,576,3000,605,5,996,10,985,10,0,0,0,0,603,2,0,0,0,0,4356,1

//==============================================================
//Normal advanced class mobs - EXP 900k/900k and drops bigtime =
//==============================================================

//EXP Change Reverted for testing

//Exp (18000,18000). Drop rates altered (1163,200 to 1163,15)(2229,12 to 2229,3)(1155,250 to 1155,9).
1634,SEYREN,Seyren,Seyren Windsor,91,88402,0,100000,116460,1,2100,2530,63,12,90,89,72,20,99,25,10,12,1,6,63,0x3195,170,76,384,288,0,0,0,0,0,0,0,0,7345,3000,13001,2,1163,15,603,30,2229,3,2317,1,1155,9,0,0,0,0,4358,1

//Exp (18000,18000). Drop rates altered (1262,3 to 1262,1)(1264,30 to 1264,1)(2336,2 to 2336,1)(678,110 to 678,15)
1635,EREMES,Eremes,Eremes Guile,87,60199,0,100000,99800,1,2020,2320,23,12,45,138,31,19,99,30,10,12,1,6,85,0x3195,180,76,384,288,0,0,0,0,0,0,0,0,7347,2000,603,50,2514,1,1262,1,1264,1,678,15,2336,1,0,0,0,0,4360,1

//Exp (18000,18000). Drop rates altered (2406,5 to 2406,2)(1361,110 to 1361,30)(2104,10 to 2104,5).
1636,HARWORD,Harword,Howard Alt-Eisen,83,78690,0,100000,112540,1,1890,2390,59,10,90,62,99,35,98,66,10,12,1,7,81,0x3095,180,76,384,288,0,0,0,0,0,0,0,0,7345,3000,2514,1,2406,2,1361,30,2104,5,2318,1,603,50,0,0,0,0,4362,1

//Exp (18000,18000). Drop rates altered (2607,20 to 2607,10)(1561,10 to 1561,5)
1637,MAGALETA,Magaleta,Margaretha Sorin,90,61282,0,100000,117800,1,1300,2053,35,60,1,9,97,145,88,40,10,12,1,7,66,0x3295,180,1152,384,288,0,0,0,0,0,0,0,0,7347,2000,2607,10,1602,200,1561,5,2327,1,603,50,2504,10,0,0,0,0,4364,1

//Exp (18000,18000). Drop rates altered (12014,110 to 12014,50)(12007,150 to 12007,50)(1711,100 to 1711,30)
1638,SHECIL,Shecil,Cecil Damon,82,58900,0,100000,118260,14,1226,1854,25,15,1,145,27,32,134,80,10,12,1,7,64,0x3095,180,76,384,288,0,0,0,0,0,0,0,0,7345,3000,12014,50,2331,10,1711,30,12007,50,603,50,2502,60,0,0,0,0,4368,1

//Exp (18000,18000). Drop rates altered (1611,200 to 1611,50)(2102,30 to 2102,15)(2404,20 to 2404,15).
1639,KATRINN,Katrinn,Kathryne Keyron,92,47280,0,100000,116470,1,497,1697,10,74,1,5,77,180,110,39,10,12,1,7,68,0x3295,150,1152,384,288,0,0,0,0,0,0,0,0,7345,3000,603,50,1611,50,1620,5,2102,15,5085,1,2404,15,0,0,0,0,4366,1


//============================
//MVP Monsters - EXP 60m/30m =
//============================
//Exp (1200000,600000). Drop rates altered (1132,2500 to 1132,50)(2342,3500 to 2342,50)(2412,9000 to 2412,50)(1470,3000 to 1470,50)(1469,3000 to 1469,50)(1166,2500 to 1166,50)(1415,1500 to 1415,50).
1646,B_SEYREN,Lord Knight Seyren,Lord Knight Seyren,99,1647590,0,1200000,600000,1,7238,11040,72,37,120,110,81,65,130,52,10,12,1,7,83,0x37B5,100,76,384,288,2417800,10000,617,5500,603,5000,732,2000,1132,50,2342,50,2412,50,1470,50,1469,50,1166,50,1415,50,0,0,0,0,4357,1

//Exp (1200000,600000). Drop rates altered (1230,1500 to 1230,30)(2319,9000 to 2319,150)(1233,3500 to 1233,100)(1265,3500 to 1265,50).
1647,B_EREMES,Assassin Cross Eremes,Assassin Cross Eremes,99,1411230,0,1200000,600000,1,4189,8289,37,39,90,181,62,37,122,60,10,12,1,7,85,0x37B5,100,76,384,288,2041700,10000,617,5500,603,5000,732,2000,1234,1500,1230,30,2319,150,1233,100,1232,3500,1265,50,13002,3500,0,0,0,0,4359,1

//Exp (1200000,600000). Drop rates altered (1138,3500 to 1138,50)(1140,2500 to 1140,50)(2318,9000 to 2318,50)(1365,3500 to 1365,50)(1369,2500 to 1369,50)(1368,3500 to 1368,50).
1648,B_HARWORD,Whitesmith Harword,Whitesmith Howard,99,1460000,0,1200000,600000,1,7822,8251,66,36,100,73,112,35,136,60,10,12,1,7,82,0x37B5,100,76,384,288,2001170,10000,617,5500,603,5000,732,2000,1138,50,1140,50,2318,50,1365,50,1364,3500,1369,50,1368,50,0,0,0,0,4361,1

//Exp (1200000,600000). Drop rates altered (1814,3500 to 1814,250)(2615,2500 to 2615,250)(2513,9000 to 2513,250)(1557,3000 to 1557,250)(1527,3500 to 1527,250)(1528,2500 to 1528,250)(1560,3500 to 1560,250)
1649,B_MAGALETA,High Priest Magaleta,High Priest Margaretha,99,1092910,0,1200000,600000,1,4688,5580,35,78,1,84,64,182,92,100,10,12,1,7,86,0x37B5,125,1152,384,288,2128500,10000,617,5500,603,5000,732,2000,1814,250,2615,250,2513,250,1557,250,1527,250,1528,250,1560,250,0,0,0,0,4363,1

//Exp (1200000,600000). Drop rates altered (1228,2500 to 1228,50)(1724,2500 to 1724,50)(1720,1500 to 1720,50).
1650,B_SHECIL,Sniper Shecil,Sniper Cecil,99,1349000,0,1200000,600000,14,4892,9113,22,35,1,180,39,67,193,130,10,12,1,7,84,0x37B5,100,76,384,288,2046500,10000,617,5500,603,5000,1723,2000,1228,50,1236,3500,617,9000,1234,1500,1237,3500,1720,50,1724,50,0,0,0,0,4367,1

//Exp (1200000,600000). Drop rates altered (1242,3500 to 1242,250)(2616,9000 to 2616,165).
1651,B_KATRINN,High Wizard Katrinn,High Wizard Kathryne,99,1069920,0,1200000,600000,1,1197,4394,10,88,1,89,42,223,128,93,10,12,1,7,68,0x37B5,150,1152,384,288,2004100,10000,617,5500,603,5000,732,2000,1241,3500,1242,250,2616,165,2343,2500,2513,2500,1618,3000,2319,3500,0,0,0,0,4365,1




//Half of base Exp (4870 to 2435). Drop rates altered (1158,20 to 1158,3)(1127,20 to 1127,3)(1152,80 to 1152,10).
1652,YGNIZEM,Ygnizem,Egnigem Cenia,58,11200,0,2435,98,1,823,1212,35,8,60,35,52,18,79,20,10,12,1,7,43,0x3885,145,576,432,288,0,0,0,0,0,0,0,0,7347,1000,2317,1,1158,3,1127,3,2313,10,1152,10,1170,1,0,0,0,0,4346,1

//Half of base Exp (4204 to 2102). Drop rates altered (2306,40 to 2306,10)(1208,50 to 1208,10)(13004,10 to 13004,5).
1653,WHIKEBAIN,Whikebain,Wickebine Tres,62,7320,0,2102,21,1,693,889,9,8,1,102,34,20,83,30,10,12,1,7,65,0x3885,120,576,432,288,0,0,0,0,0,0,0,0,7345,2000,1223,1,2306,10,1220,10,2315,2,1208,10,13004,5,0,0,0,0,4348,1

//Half of base Exp (4008 to 2004). Drop rates altered (1358,50 to 1358,10)(1352,40 to 1352,10)(1302,80 to 1302,15).
1654,ARMAIA,Armaia,Armeyer Dinze,66,7110,0,2004,35,1,750,913,42,6,5,36,50,15,89,60,10,12,1,7,62,0x3885,120,576,432,288,0,0,0,0,0,0,0,0,7345,1000,2504,1,1358,10,1352,10,2311,10,1302,15,1307,10,0,0,0,0,4347,1

//Half of base Exp (4501 to 2250). Drop rates altered (1514,50 to 1514,10)(1517,20 to 1517,5).
1655,EREND,Erend,Errende Ebecee,59,6980,0,2250,67,1,896,1159,14,30,1,31,41,93,67,30,10,12,1,7,46,0x3885,130,576,432,288,0,0,0,0,0,0,0,0,7345,500,2217,5,1514,10,1517,5,2326,5,2324,10,1523,1,0,0,0,0,4349,1

//Half of base Exp (4090 to 2045). Drop rates altered (12006,100 to 12006,25).
1656,KAVAC,Kavac,Kavach Icarus,60,7899,0,2045,86,9,684,904,12,5,48,100,10,15,118,40,10,12,1,7,44,0x3885,150,576,432,288,0,0,0,0,0,0,0,0,7347,2000,1716,1,12006,25,1708,10,2308,5,2402,30,2404,2,0,0,0,0,4351,1

//Half of base Exp (4620 to 2310). Drop rates altered (1608,50 to 1608,10)(2333,30 to 2333,10).
1657,RAWREL,Rawrel,Laurell Weinder,61,6168,0,2310,30,1,430,517,8,48,1,41,5,120,45,10,10,12,1,7,48,0x3885,150,576,432,288,0,0,0,0,0,0,0,0,934,1000,1616,1,2102,5,1608,10,2322,10,2333,10,2607,1,0,0,0,0,4350,1

//EXP (258760,86000 to 19000,4000). Drop rates altered (1162,1000 to 1162,30)(1167,1000 to 1167,50)(1130,1000 to 1130,50)(2320,1000 to 2320,15)(2406,1000 to 2406,10).
1658,B_YGNIZEM,Ygnizem,Egnigem Cenia,79,214200,0,19000,4000,1,3890,5690,48,25,82,60,45,31,110,40,10,12,1,7,43,0x37B5,100,1008,864,288,129380,10000,617,5500,603,5000,732,2000,1162,30,644,5000,603,5000,1167,50,2320,15,2406,10,1130,50,644,1000,0,0,4352,1

//Drop rates altered (999,500 to 999,10)(984,200 to 984,10)(985,200 to 985,10).
1668,ARCHDAM,Archdam,Archdam,79,25000,0,8000,5000,3,1000,2000,15,15,65,65,35,75,75,15,10,12,2,7,60,0x3695,180,580,288,360,0,0,0,0,0,0,0,0,7317,5000,999,10,984,10,985,10,13156,5,13167,5,0,0,0,0,0,0,4371,1


//============================================================================
//Steel rates (999,300 to 999,10), also Royal Cooking (12128,50 to 12128,10) =
//============================================================================
1670,DIMIK_1,Dimik,Dimik,79,16000,0,6400,3500,7,1140,1980,45,28,15,88,20,20,120,40,10,12,1,0,44,0x3885,150,576,720,432,0,0,0,0,0,0,0,0,7319,2000,7352,50,999,10,7094,300,13153,5,984,10,12128,10,0,0,0,0,4370,1
1671,DIMIK_2,Dimik,Dimik,89,29000,0,8000,5000,5,1440,2280,45,28,15,40,30,30,150,70,10,12,1,0,41,0x3885,200,576,720,432,0,0,0,0,0,0,0,0,7319,2000,7353,50,999,10,7094,300,13169,10,984,10,12128,10,0,0,0,0,4370,1
1672,DIMIK_3,Dimik,Dimik,80,19000,0,5900,2800,5,1240,2080,68,28,15,30,78,20,120,30,10,12,1,0,42,0x3885,200,576,720,432,0,0,0,0,0,0,0,0,7319,2000,7354,50,999,10,7094,300,2656,10,984,10,12128,10,0,0,0,0,4370,1
1673,DIMIK_4,Dimik,Dimik,82,13900,0,5800,4500,5,1840,2840,45,28,15,20,20,10,120,30,10,12,1,0,43,0x3885,200,576,720,432,0,0,0,0,0,0,0,0,7319,2000,7355,50,999,10,7094,300,2656,10,984,10,12128,10,0,0,0,0,4370,1


//======================================================================
//Crests and Steels (999,300 to 999,10)(7356 7357 7358 7359 to 735X,15) =
//======================================================================
//Also (12127,100 to 12127,10)
1676,VENATU_1,Venatu,Venatu,72,8900,0,4000,2000,2,800,1400,30,20,5,26,24,5,82,30,10,12,1,0,40,0x3885,150,504,1020,360,0,0,0,0,0,0,0,0,7317,2000,7356,15,999,10,7094,300,13157,5,985,10,12127,10,0,0,0,0,4369,1
1677,VENATU_2,Venatu,Venatu,80,9000,0,4000,2000,2,900,1500,30,20,5,82,32,5,105,30,10,12,1,0,44,0x3885,150,504,1020,360,0,0,0,0,0,0,0,0,7317,2000,7357,15,999,10,7094,300,13164,5,985,10,12127,10,0,0,0,0,4369,1
1678,VENATU_3,Venatu,Venatu,78,9500,0,4500,2000,2,800,1400,30,20,5,26,68,5,95,30,10,12,1,0,42,0x3885,150,504,1020,360,0,0,0,0,0,0,0,0,7317,2000,7358,15,999,10,7094,300,2656,10,985,10,12127,10,0,0,0,0,4369,1
1679,VENATU_4,Venatu,Venatu,75,12300,0,4000,2000,2,800,1400,30,20,5,26,24,5,100,30,10,12,1,0,41,0x3885,150,504,1020,360,0,0,0,0,0,0,0,0,7317,2000,7359,15,999,10,7094,300,2656,10,985,10,12127,10,0,0,0,0,4369,1

//EXP rates (22024,9442 to 17000,7000). Drops (603,1000 to 603,9)(547,400 to 547,50)(546,500 to 546,70)(12040 to 1)
1681,GEMINI,Gemini-S58,Gemini-S58,72,57870,0,17000,7000,3,2150,3030,60,45,88,75,70,77,105,55,10,12,1,0,21,0x39A5,200,1872,360,864,0,0,0,0,0,0,0,0,7005,3000,603,9,13159,5,546,50,547,50,7479,6,12040,1,0,0,0,0,4354,1

//Drops (971,50 to 971,20)(972,100 to 972,20).
1682,REMOVAL,Removal,Remover,55,10289,0,3831,1278,1,558,797,5,20,1,20,56,35,57,20,10,12,1,1,49,0x3885,250,1536,1056,1152,0,0,0,0,0,0,0,0,713,5000,7319,5000,5005,10,549,500,971,20,972,20,5120,6,0,0,0,0,4353,1

//Altered Core drops (2659/60/61/62,100 to 2659/60/61/62,10).
1685,APOCALIPS_H,Vesper,Vesper,97,640700,0,200000,100000,3,4000,10000,50,54,100,50,30,70,160,150,10,12,2,2,46,0x37B5,180,504,912,432,100000,10000,617,5500,603,5000,732,2000,7095,5000,7094,3000,617,1000,617,1000,2659,10,2660,10,2661,10,2662,10,0,0,4374,1

//Altered Exp (64995,43222 to 39999,20000). Drops (12129,1000 to 12129,30)(5116,350 to 5116,50)(1716,6000 to 1716,30)(12090,5000 to 12090,50)(12095,5000 to 12095,100).
1688,LADY_TANEE,Lady Tanee,Lady Tanee,89,493000,0,39999,20000,14,450,2170,20,44,1,125,48,78,210,38,10,12,2,3,64,0x1A4,100,576,432,360,32497,10000,617,5500,12095,100,732,2000,12090,50,634,4000,12129,30,5116,50,985,5000,617,2000,1716,30,0,0,0,0,4376,1

//Drops (2270,30 to 2270,4)(706,10 to 706,1).
1692,BREEZE,Breeze,Breeze,56,5099,0,2390,1340,2,94,215,7,32,1,96,6,38,91,45,10,12,1,0,64,0x3885,100,140,384,504,0,0,0,0,0,0,0,0,945,500,706,1,2270,4,1733,10,604,10,2269,10,996,10,0,0,0,0,4390,1

//Drops (7015,300 to 7015,70)(2418,10 to 2418,1).
1698,DEATHWORD,Deathword,Death Word,65,18990,0,2986,4912,1,622,1102,10,40,50,75,10,20,140,45,10,12,1,0,60,0x3695,150,176,912,300,0,0,0,0,0,0,0,0,1097,4000,7015,70,1006,20,7449,500,2418,1,7479,2,7480,1,0,0,0,0,4388,1

//Altered drops (644,50 to 644,30)(2404,5 to 2404,2)(2610,100 to 2610,10)(2417,10 to 2417,1).
1699,ANCIENT_MIMIC,Ancient Mimic,Ancient Mimic,60,8080,0,2950,2650,1,530,1697,20,40,50,100,30,40,150,110,10,12,2,0,60,0x3885,100,168,480,360,0,0,0,0,0,0,0,0,603,30,617,1,644,30,2404,2,2506,1,2417,1,2610,10,0,0,0,0,4387,1

//Exp (39872,33120 to 17000,15000)(12040,1).
1700,OBSERVATION,Observation,Dame of Sentinel,81,65111,0,17000,15000,2,1666,2609,55,55,30,74,56,126,145,114,10,12,1,8,80,0x33B5,100,432,480,360,0,0,0,0,0,0,0,0,7441,500,2621,1,7442,100,728,1000,12040,1,2210,10,7435,100,0,0,0,0,4392,1

//Exp (29010,25110 to 14500,13000)(12040,1).
1701,SHELTER,Shelter,Mistress of Shelter,80,38000,0,14500,13000,2,1871,1971,22,63,12,67,34,167,157,120,10,12,1,8,66,0x33B5,160,432,420,360,0,0,0,0,0,0,0,0,7440,200,7442,1,12040,1,722,1000,7005,1000,7442,50,0,0,0,0,0,0,4393,1

//Exp (28332,33120 to  14000,16500)(12040,1).
1702,RETRIBUTION,Retribution,Baroness of Retribution,79,46666,0,14000,16500,2,2022,2288,35,35,30,142,66,72,133,39,10,12,1,8,67,0x33B5,120,360,480,360,0,0,0,0,0,0,0,0,7440,400,2621,1,12040,1,723,1000,2506,5,1158,10,7442,50,0,0,0,0,4391,1

//Exp (21000,25110 to 10500,12500). Drops (1909,100 to 1909,14)(12040,1)(1910,50 to 1910,10).
1703,SOLACE,Solace,Lady Solace,77,25252,0,10500,12500,2,1392,1462,21,67,12,76,29,145,99,100,10,12,1,8,66,0x33B5,180,576,420,360,0,0,0,0,0,0,0,0,7441,200,2621,1,12040,1,718,1000,1910,10,1909,14,7442,50,0,0,0,0,4394,1



//==============================================================================================================================
//Exp 1 mil base,900k job (or 20000,18000). Drops (616 to 1)(731 to 10)(732 to 10). Fragment drops uncustomized =
//==============================================================================================================================
//(2520,3)
1704,THA_ODIUM,Thanatos Odium,Odium of Thanatos,92,72389,0,20000,18000,9,2100,2800,68,30,100,52,165,62,185,90,10,12,2,1,88,0x37B5,100,432,288,420,0,0,0,0,0,0,0,0,7054,1000,731,10,732,10,7438,400,616,1,2520,3,0,0,0,0,0,0,4396,1
//(2419,3)
1705,THA_DESPERO,Thanatos Despero,Despero of Thanatos,88,86666,0,20000,18000,2,2182,3082,38,39,100,167,79,92,151,120,10,12,2,1,88,0x37B5,150,160,528,360,0,0,0,0,0,0,0,0,7054,1000,731,10,732,10,7439,400,616,1,2419,3,0,0,0,0,0,0,4397,1
//(2354,3)
1706,THA_MAERO,Thanatos Maero,Maero of Thanatos,83,62000,0,20000,18000,2,2022,2288,29,72,100,176,30,200,122,29,10,12,1,1,88,0x37B5,150,160,480,360,0,0,0,0,0,0,0,0,7054,1000,731,10,732,10,7437,400,616,1,2354,3,0,0,0,0,0,0,4395,1
//(5128,3)
1707,THA_DOLOR,Thanatos Dolor,Dolor of Thanatos,83,59922,0,20000,18000,2,1392,2092,21,80,100,76,29,206,139,44,10,12,0,1,88,0x37B5,150,160,672,480,0,0,0,0,0,0,0,0,7054,1000,731,10,732,10,7436,400,616,1,5128,3,0,0,0,0,0,0,4398,1

//Exp (3666000,2145060 to 1200000,600000). Remove drop 2655. Altered drops (7444,1000 to 7444,65).
1708,THANATOS,Thanatos,Memory of Thanatos,99,445660,0,1200000,600000,3,3812,7483,35,35,100,108,30,86,147,32,10,12,2,6,88,0x37B5,120,115,816,504,1833000,10000,617,5500,603,5000,732,2000,7444,65,2519,1000,7450,5000,2342,5000,2412,5000,2515,1000,0,0,0,0,0,0,4399,1

//Exp (28043,8023 to 24000,7000). (7448,800 to 7448,10)(2114,50 to 2114,1)(7444,5 to 7444,1).
1713,ACIDUS,Acidus,Acidus,80,51112,0,24000,7000,2,1289,2109,29,69,1,71,55,135,103,69,10,12,2,9,46,0x3095,170,168,1008,300,0,0,0,0,0,0,0,0,582,5100,1035,4000,7444,1,1036,3589,7448,10,1269,10,2114,1,0,0,0,0,4378,1

//(7447,800 to 7447,10)(5122,50 to 5122,1)
1714,FERUS,Ferus,Ferus,70,29218,0,8093,3952,2,1056,1496,14,45,1,78,45,72,81,73,10,12,2,9,43,0x3095,100,108,576,432,0,0,0,0,0,0,0,0,578,2200,1035,1000,7123,1000,1036,2000,7447,10,994,20,5122,1,0,0,0,0,4380,1

//Drop (505,150 to 505,30)(7446,800 to 7446,10)(other 7446,100 to 0,0).
1716,ACIDUS_,Acidus,Acidus,76,39111,0,14392,4203,2,1180,2000,21,47,1,78,31,93,88,52,10,12,2,9,44,0x3095,180,168,768,360,0,0,0,0,0,0,0,0,505,30,1035,4000,510,150,1036,3589,7446,10,996,20,0,0,0,0,0,0,4379,1

//Drops (7445,800 to 7445,10)(other 7445,100 to 0,0).
1717,FERUS_,Ferus,Ferus,69,21182,0,6750,2230,2,930,1170,14,38,1,66,77,60,79,35,10,12,2,9,42,0x3095,120,108,576,432,0,0,0,0,0,0,0,0,579,5100,1035,1000,0,0,1036,3589,7445,10,997,20,0,0,0,0,0,0,4381,1

//Changed Dragonbreath Cocktail rate (12080,1000 to 12080,15). Others (2649,1000 to 2649,10)(2648,1000 to 2648,10)(1417,100 to 1417,10)(7444,5000 to 7444,10).
1719,DETALE,Detale,Detardeurus,90,960000,0,291850,123304,3,4560,5548,66,59,100,90,30,136,140,56,10,12,2,9,67,0x37B5,250,432,936,360,145925,10000,617,5500,603,5000,732,2000,2649,10,2648,10,7444,10,7451,3589,12080,15,1417,10,5002,500,0,0,0,0,4386,1

//Changed Stew of Immortality rate (12085,300 to 12085,15). Drops (5124,500 to 5124,1)(5126,500 to 5126,1)(5127,500 to 5127,1)
1720,HYDRO,Hydro,Hydrolancer,89,308230,0,83450,2480,3,2554,3910,52,62,1,96,110,86,94,32,10,12,2,9,47,0x37B5,160,140,672,432,0,0,0,0,0,0,0,0,7123,4000,1035,4000,7443,3880,5126,1,5127,1,12085,15,5124,1,0,0,0,0,4384,1

//Exp (6740 to 2000).
1721,DRAGON_EGG,Dragon Egg,Dragon Egg,43,18322,0,2000,0,0,1,2,78,60,1,1,56,67,1,63,10,12,1,9,40,0x0,1000,24,0,0,0,0,0,0,0,0,0,0,985,5,7032,100,731,10,732,5,718,10,720,10,728,10,0,0,0,0,4385,1

//Exp (2356200,512602 to 1200000,600000). Drops (2651,1000 to 2651,50)(2650,1000 to 2650,50)(2319,1000 to 2319,100)(1618,500 to 1618,165).
1734,KIEL_,Kiel D-01,Kiel D-01,90,1523000,0,1200000,600000,3,3280,6560,28,32,100,130,30,160,199,180,10,12,1,0,47,0x37B5,130,1152,576,432,1178100,10000,617,5500,603,5000,616,2000,7513,3000,617,3000,2651,50,2319,100,1618,165,1242,500,2650,50,0,0,0,0,4403,1

//Drops (2517,20 to 2517,1).
1735,ALICEL,Alicel,Alicel,75,37520,0,8890,5420,2,1800,2770,30,30,50,58,50,51,92,40,10,12,1,6,60,0x318D,250,1080,480,504,0,0,0,0,0,0,0,0,7512,2000,7507,3000,999,200,7317,500,1270,5,985,10,2517,1,0,0,0,0,4401,1

//Drops (2516,10 to 2516,1).
1736,ALIOT,Aliot,Aliot,75,48290,0,13020,4006,2,950,2470,35,15,50,32,87,12,68,19,10,12,1,6,60,0x318D,200,1296,432,360,0,0,0,0,0,0,0,0,7512,2000,7507,3000,2516,1,7317,500,1408,10,985,10,13405,15,0,0,0,0,4402,1

//Drops (2518,10 to 2518,1).
1737,ALIZA,Aliza,Aliza,69,19000,0,6583,3400,1,750,1100,8,5,74,74,52,35,110,140,10,12,1,7,60,0x91,220,1440,576,600,0,0,0,0,0,0,0,0,7054,4000,2518,1,2626,10,7047,5,12128,50,661,1,2123,5,0,0,0,0,4400,1

//Exp (2854900,3114520 to 1200000,600000). Drops (2357,800 to 2357,3)(2524,1500 to 2524,3)(2421,1500 to 2421,3).
1751,RANDGRIS,Valkyrie Randgris,Valkyrie Randgris,99,3567200,0,1200000,600000,3,5560,9980,25,42,100,120,30,120,220,210,10,12,2,8,86,0x37B5,100,576,576,480,1427450,10000,617,5500,603,5000,616,2000,7510,5000,2357,3,2524,3,2421,3,2229,5000,7024,2500,0,0,0,0,0,0,4407,1

//Base exp (27620 to 23000). Drop (739,500 to 739,20).
1752,SKOGUL,Skogul,Skogul,70,87544,0,23000,10,2,1110,1930,20,15,1,69,70,50,67,52,10,12,1,6,67,0x3395,190,720,384,480,0,0,0,0,0,0,0,0,7511,3500,7054,1000,716,1000,739,20,2609,100,757,500,1271,5,0,0,0,0,4404,1

//Base exp (20620 to 17000).
1753,FRUS,Frus,Frus,69,83422,0,17000,10,2,1110,1780,20,15,1,69,60,50,76,52,10,12,1,6,67,0x3395,150,480,576,432,0,0,0,0,0,0,0,0,7511,3500,7054,1000,716,1000,2622,3,2308,10,757,500,0,0,0,0,0,0,4405,1

//Base exp (91100 and 99200 to 50000). Drops (2353,5 to 2353,1)(2322,100 to 2322,10)(2353,100 to 2353,1)(2001 to 5)
1754,SKEGGIOLD,Skeggiold,Skeggiold,81,295200,0,50000,10,1,1400,2020,12,24,80,100,50,72,90,50,10,12,0,8,46,0x37B5,250,672,780,480,0,0,0,0,0,0,0,0,7511,6000,2254,1,7063,1000,2001,5,7511,1000,2322,10,2353,1,0,0,0,0,4406,1
1755,SKEGGIOLD_,Skeggiold,Skeggiold,83,315200,0,50000,10,1,1600,2050,15,24,80,120,60,85,98,80,10,12,0,8,46,0x37B5,250,672,780,480,0,0,0,0,0,0,0,0,7511,6000,2254,1,7063,1000,610,20,7511,1000,2322,10,2353,1,0,0,0,0,4406,1

//Drops (2115,500 to 2115,1)
1765,G_RANDGRIS,Valkyrie,Valkyrie,99,1567200,0,10000,10000,3,5560,9980,25,42,100,120,80,120,220,210,10,12,2,8,86,0x37B5,100,576,576,480,0,0,0,0,0,0,0,0,7510,500,617,100,2115,1,0,0,0,0,0,0,0,0,0,0,0,0,0,0





//OCA (616,5000 to 616,100)(1337 to 10)
1768,GLOOMUNDERNIGHT,Gloom Under Night,Gloom Under Night,89,2298000,0,962175,276445,3,5880,9516,10,20,100,115,98,78,111,50,10,12,2,0,68,0x37B5,200,1344,2880,576,481087,10000,607,5500,617,5000,617,5000,7566,7000,7023,4000,7022,2000,616,100,2513,1000,1377,10,0,0,0,0,0,0,4408,1

//Beret (5172,50 to 5172,2)
1770,ECHIO,Echio,Echio,69,34900,0,13560,4300,1,750,1800,33,11,74,74,52,35,59,56,10,12,1,7,80,0x3295,250,768,360,360,0,0,0,0,0,0,0,0,7567,2500,608,10,7563,4000,5172,2,12183,20,7563,100,2366,20,0,0,0,0,4410,1

//Beret (5172,10 to 5172,1)
1771,VANBERK,Vanberk,Vanberk,59,9988,0,4203,901,1,230,660,24,6,69,66,39,29,51,41,10,12,1,7,80,0x3885,250,768,360,360,0,0,0,0,0,0,0,0,7568,2500,526,10,7563,1000,5172,1,0,0,7563,100,0,0,0,0,0,0,4411,1

//Drops (749,100 to 749,1)
1777,ICE_TITAN,Ice Titan,Ice Titan,60,38200,0,13872,7928,1,1090,1570,71,15,99,34,88,10,79,29,10,12,2,0,61,0x3885,250,861,660,144,0,0,0,0,0,0,0,0,7561,5000,7066,3000,749,1,984,10,985,30,0,0,995,100,0,0,0,0,0,0

// (2720050,1120020 to 1200000,600000). Drops (2509,5000 to 2509,165)(2111,5000 to 2111,165).
1779,KTULLANUX,Ktullanux,Ktullanux,98,4417000,0,1200000,600000,3,1680,10360,40,42,85,126,82,125,177,112,10,12,2,2,81,0x37B5,400,432,840,216,1360025,10000,607,5500,617,5000,617,5000,7562,9000,616,3000,2509,165,2111,165,617,5000,607,5000,0,0,0,0,0,0,0,0

//Drops (2621,1000 to 2621,80)(5123,100 to 5123,3)(1175,100 to 1175,10)
1785,ATROCE,Atroce,Atroce,82,1008420,0,295550,118895,2,2526,3646,25,25,100,87,30,49,89,72,10,12,2,2,67,0x37B5,150,576,600,240,147775,10000,607,5500,617,5000,617,5000,7563,7000,608,1000,2621,80,617,5000,607,5000,5123,3,1175,10,0,0,0,0,4425,1

//Too many Ice Cubic drops, reduce to 1 of them.
1789,ICEICLE,Iceicle,Iceicle,38,10,0,5,5,3,241,1082,0,10,1,10,10,10,172,5,10,12,0,0,41,0x84,2000,1344,0,0,0,0,0,0,0,0,0,0,7066,1000,0,0,0,0,0,0,0,0,0,0,0,0,0,0,0,0,0,0

//Who is this guy? All drops to 1, just in case.
1795,BLOODY_KNIGHT_,Bloody Knight,Bloody Knight,82,800000,0,0,0,3,10000,30000,60,60,88,121,100,100,125,55,10,12,2,8,28,0x37B5,250,828,528,192,0,0,0,0,0,0,0,0,1417,1,2412,1,2514,1,2342,1,2513,1,1620,1,617,1,7578,1,0,0,0,0

// Drops - Muscle Cutter to 3% (1176,50 to 1176,10) - Doom Slayer to 3% (1370,30 to 1370,10)
1829,SWORD_GUARDIAN,Sword Guardian,Sword Master,86,152533,0,155013,122604,2,7590,9140,60,33,110,40,54,65,125,65,14,16,2,7,80,0x37B5,170,140,384,288,0,0,0,0,0,0,0,0,7069,3000,1370,10,1163,50,1168,1,2122,10,1176,10,0,0,0,0,0,0,4427,1

// Drops - Luna Bow to 3% (1723,30 to 1723,10) - Sniping Suit to 3% (2367,20 to 2367,10)
1830,BOW_GUARDIAN,Bow Guardian,Bow Master,80,80404,0,50149,23006,12,1840,2520,40,62,95,80,33,90,165,55,14,16,2,7,80,0x37B5,170,76,384,288,0,0,0,0,0,0,0,0,7069,3000,1723,10,1701,50,2367,10,2701,4,0,0,0,0,0,0,0,0,4428,1

// Drops - Berserk Guitar to 3% (1920,50 to 1920,10) - Meteor Plate to 3% (2364,20 to 2364,10)
1831,SALAMANDER,Salamander,Salamander,91,97934,0,72000,55000,2,7590,10860,65,50,90,55,44,45,180,25,10,12,2,0,63,0x37B5,160,140,384,288,0,0,0,0,0,0,0,0,7097,3000,994,30,716,100,2680,1,1920,10,2621,1,2364,10,0,0,0,0,4429,1

// Drops - Electric Eel to 3% (1972,25 to 1972,10)
1837,IMP,Imp,Fire Imp,76,46430,0,25200,11077,1,1059,1509,27,50,37,76,30,150,99,10,10,12,0,6,63,0x3395,150,824,432,360,0,0,0,0,0,0,0,0,7122,3000,13303,3,7098,2500,1376,10,1972,10,0,0,0,0,0,0,0,0,4433,1

// Drops - Drill Katar to 3% (1270,50 to 1270,10) - Assassin Dagger to 3% (1232,20 to 1232,10) - Steamed Alligator to 6% (12087,500 to 12087,20)
1839,BYORGUE,Byorgue,Byorgue,86,38133,0,19000,9500,2,1340,2590,20,13,25,80,12,30,70,10,14,16,1,7,20,0x37B5,170,800,600,360,0,0,0,0,0,0,0,0,1270,10,5096,3,1232,10,12087,20,603,40,2530,1,7110,4365,0,0,0,0,4426,1

// Drops - Black Leather Boots to 3% (2425,20 to 2425,10) - Lever Action Rifle to 3% (13170,20 to 13170,10)
1869,FLAME_SKULL,Flame Skull,Flame Skull,60,10800,0,3000,2600,1,100,1200,20,40,50,100,30,40,140,110,10,12,0,6,68,0x3195,150,972,648,432,0,0,0,0,0,0,0,0,7005,5000,2425,10,13170,10,958,6000,0,0,0,0,0,0,0,0,0,0,4439,1

// Drops - Lich's Bone Wand to 3% (1624,20 to 1624,10)
1870,NECROMANCER,Necromancer,Necromancer,88,98000,0,45000,35000,1,3500,4000,0,40,1,50,1,190,166,10,10,12,1,1,89,0x37B5,150,1816,1320,420,0,0,0,0,0,0,0,0,7752,3000,1624,10,932,4500,2532,10,717,100,609,100,7117,1500,0,0,0,0,4440,1

// Drops - Long Horn to 30% (1420,500 to 1420,100) - Hunting Spear to 30% (1422,500 to 1422,100)
1871,FALLINGBISHOP,Fallen Bishop,Fallen Bishop Hibram,80,3333333,0,1111111,1111111,1,3220,5040,50,0,1,80,15,126,120,20,10,12,1,6,47,0x37B5,150,432,720,360,555555,10000,607,5500,617,5000,617,5000,523,10000,1420,100,2677,500,1422,100,985,5432,1614,2000,0,0,0,0,0,0,4441,1

// Drops - (2423,2000 to 2423,250)(1565,2000 to 1565,250)(2000,2000 to 2000,250)(2702,2000 to 2702,250)
1874,BEELZEBUB_,Beelzebub,Beelzebub,98,6666666,0,6666666,6666666,2,10000,13410,40,40,6,110,200,250,166,66,10,12,2,6,88,0x37B5,100,212,504,432,3333333,10000,607,5500,617,5000,617,5000,7754,9000,2423,250,1565,250,2000,250,2702,250,985,5432,742,5500,0,0,0,0,4145,1

// Drops (522,100 to 522,10)
1883,UZHAS,Uzdas,Kikimora,61,13707,0,4002,3003,1,293,667,11,34,1,33,19,72,75,77,10,12,1,7,61,0x3295,200,576,672,384,0,0,0,0,0,0,0,0,520,900,678,1,621,100,522,10,918,3500,579,1500,603,3,0,0,0,0,0,0

// Drops (748,300 to 748,5)
1884,MAVKA,Lesavka,Lesavka,63,19200,0,8301,6353,7,589,623,32,19,1,42,55,35,89,177,10,12,1,3,62,0x3295,170,1536,504,360,0,0,0,0,0,0,0,0,703,100,629,300,707,300,710,50,747,1500,748,5,510,3000,0,0,0,0,0,0

// Drops (7444,5000 to 7444,20)
1885,GOPINICH,Gorynych,Zmey Gorynych,85,299321,0,45250,16445,3,1868,4256,20,42,50,65,55,103,152,35,10,12,2,2,62,0x37B5,150,1536,864,432,22625,10000,607,5500,617,5000,617,5000,617,4000,2621,200,12080,1000,985,3000,1417,5,7444,20,5007,1,0,0,0,0,0,0


//============================================
// Summon additions - Item IDs 29000 - 29999 =
//=====================================================================================================================
//Note that some of the above modifications included the summoners. The following will not contain a note unless some =
//other modification is done to them (on top of the summon addition, which is implied by them being below this point) =
//=====================================================================================================================
1002,PORING,Poring,Poring,1,50,0,2,1,1,7,10,0,5,1,1,1,0,6,30,10,12,1,3,21,0x83,400,1872,672,480,0,0,0,0,0,0,0,0,909,7000,1202,100,938,400,512,1000,713,1500,512,150,619,20,29000,16,0,0,4001,1
1005,FARMILIAR,Familiar,Familiar,8,155,0,28,15,1,20,28,0,0,1,12,8,5,28,0,10,12,0,2,27,0x3885,150,1276,576,384,0,0,0,0,0,0,0,0,913,5500,1105,20,2209,15,601,50,514,100,507,700,645,50,29001,16,0,0,4020,1
1007,FABRE,Fabre,Fabre,2,63,0,3,2,1,8,11,0,0,1,2,4,0,7,5,10,12,0,4,22,0x181,400,1672,672,480,0,0,0,0,0,0,0,0,914,6500,949,500,1502,80,721,5,511,700,705,1000,1501,200,29002,16,0,0,4002,1
1013,WOLF,Wolf,Wolf,25,919,0,329,199,1,37,46,0,0,1,20,28,15,32,20,10,12,1,2,22,0x1089,200,1054,504,432,0,0,0,0,0,0,0,0,1011,20,920,9000,2308,10,517,650,528,1050,919,5500,578,600,29003,16,0,0,4029,1
1015,ZOMBIE,Zombie,Zombie,15,534,0,50,33,1,67,79,0,10,1,8,7,0,15,0,10,12,1,1,29,0x3885,400,2612,912,288,0,0,0,0,0,0,0,0,957,9000,724,5,938,1000,958,50,727,70,29004,16,0,0,0,0,0,0,4038,1
1019,PECOPECO,Peco Peco,Peco Peco,19,531,0,159,72,1,50,64,0,0,1,13,13,25,27,9,10,12,2,2,23,0x1089,200,1564,864,576,0,0,0,0,0,0,0,0,925,9000,2402,20,508,200,507,900,1604,100,29005,16,582,1000,0,0,0,0,4031,1
1026,MUNAK,Munak,Munak,30,2872,0,601,318,1,150,230,0,0,1,15,20,5,46,15,10,12,1,1,29,0x3885,200,2468,768,288,0,0,0,0,0,0,0,0,901,9000,2264,2,2404,15,609,20,2337,1,2305,100,1558,5,29006,4,0,0,4090,1
1028,SOLDIER_SKELETON,Soldier Skeleton,Soldier Skeleton,29,2334,0,372,226,1,221,245,10,15,1,15,22,5,40,15,10,12,1,1,29,0x3885,200,2276,576,432,0,0,0,0,0,0,0,0,932,5500,756,60,1214,12,507,700,934,10,1201,150,1216,50,29007,4,0,0,4086,1
1029,ISIS,Isis,Isis,47,7003,0,3709,1550,1,423,507,10,35,38,65,43,50,66,15,10,12,2,6,27,0x3195,200,1384,768,336,0,0,0,0,0,0,0,0,936,5335,2233,5,2603,1,733,150,732,20,954,1000,731,5,29008,4,0,0,4116,1
1031,POPORING,Poporing,Poporing,14,344,0,81,44,1,59,72,0,10,1,14,14,0,19,15,10,12,1,3,25,0x83,300,1672,672,480,0,0,0,0,0,0,0,0,938,5500,910,1500,511,500,514,200,512,5,1207,5,512,250,29011,4,0,0,4033,1
1040,GOLEM,Golem,Golem,25,3900,0,465,94,1,175,187,40,0,1,15,25,0,15,0,10,12,2,0,60,0x91,300,1608,816,396,0,0,0,0,0,0,0,0,999,150,953,9000,912,220,757,70,1003,210,715,200,998,350,29009,4,0,0,4072,1
1041,MUMMY,Mummy,Mummy,37,5176,0,800,602,1,305,360,0,10,28,19,32,0,63,20,10,12,1,1,49,0x3885,300,1772,72,384,0,0,0,0,0,0,0,0,930,9000,756,100,934,550,2604,1,2611,10,525,250,508,850,29010,4,0,0,4106,1
1045,MARC,Marc,Marc,36,6900,0,988,625,1,220,280,5,10,1,36,36,20,56,30,10,12,1,5,41,0x3885,150,1272,72,480,0,0,0,0,0,0,0,0,995,18,956,9000,756,95,951,1000,720,10,717,200,509,700,29012,4,0,0,4105,1
1049,PICKY,Picky,Picky,3,80,0,4,3,1,9,12,0,0,1,3,3,5,10,30,10,12,0,2,23,0x81,200,988,288,168,0,0,0,0,0,0,0,0,916,9000,949,700,2302,150,507,550,519,300,715,50,29013,16,0,0,0,0,4008,1
1056,SMOKIE,Smokie,Smokie,18,641,0,134,86,1,61,72,0,10,1,18,36,25,26,35,10,12,0,2,22,0x91,200,1576,576,420,0,0,0,0,0,0,0,0,945,5500,919,5500,516,800,2213,1,754,2,912,5,729,2,29014,4,0,0,4044,1
1057,YOYO,Yoyo,Yoyo,21,879,0,280,111,1,71,82,0,0,1,24,30,35,32,55,10,12,0,2,22,0x108B,200,1054,54,384,0,0,0,0,0,0,0,0,942,9000,513,1500,508,200,7182,900,753,10,756,24,578,1000,29015,4,0,0,4051,1
1060,BIGFOOT,Bigfoot,Bigfoot,25,1619,0,310,188,1,198,220,10,0,1,25,55,15,20,25,10,12,2,2,22,0x91,300,1260,192,192,0,0,0,0,0,0,0,0,948,9000,2289,5,919,5000,740,80,516,1500,518,450,756,43,29016,4,0,0,4074,1
1061,NIGHTMARE,Nightmare,Nightmare,49,4437,0,1912,1912,1,447,529,0,40,1,74,25,15,64,10,10,12,2,6,68,0x3395,150,1816,816,432,0,0,0,0,0,0,0,0,944,6000,510,500,2608,2,603,30,505,100,1261,1,984,60,29017,4,0,0,4127,1
1062,PORING_,Santa Poring,Santa Poring,3,69,0,4,5,1,12,16,0,0,1,14,3,10,12,90,10,12,1,3,26,0x81,400,1672,672,480,0,0,0,0,0,0,0,0,529,2000,530,1000,507,1000,512,1000,2236,100,741,10,29018,16,0,0,0,0,4005,1
1063,LUNATIC,Lunatic,Lunatic,3,60,0,6,2,1,9,12,0,20,1,3,3,10,8,60,10,12,0,2,60,0x81,200,1456,456,336,0,0,0,0,0,0,0,0,705,6500,949,1000,2262,4,512,2000,507,600,515,1100,622,20,29019,16,0,0,4006,1
1069,SWORD_FISH,Swordfish,Swordfish,30,4299,0,1251,638,1,168,199,5,20,1,30,30,41,62,30,10,12,2,5,41,0x3885,200,1968,768,384,0,0,0,0,0,0,0,0,995,10,963,9000,756,33,2257,2,757,50,1117,25,956,600,29020,4,0,0,4089,1
1071,PIRATE_SKEL,Pirate Skeleton,Pirate Skeleton,25,1676,0,233,142,1,145,178,10,15,25,13,25,5,25,10,10,12,1,1,29,0x3885,200,1754,554,288,0,0,0,0,0,0,0,0,932,3000,2287,15,7477,5,2211,250,1104,250,756,43,628,20,29021,4,0,0,4073,1
//Drops (2116,1000 to 2116,10).
1090,MASTERING,Mastering,Mastering,2,2415,0,30,10,1,18,24,0,10,1,2,2,0,17,60,10,12,1,3,21,0x37B5,300,1072,672,480,0,0,0,0,0,0,0,0,2257,200,619,50,722,1000,2116,10,512,8000,512,8000,531,4000,29022,4,0,0,4197,1
1095,ANDRE,Andre,Andre,17,688,0,109,71,1,60,71,10,0,1,17,24,20,26,20,10,12,0,4,22,0x118B,300,1288,288,384,0,0,0,0,0,0,0,0,955,9000,910,1000,938,500,993,50,1001,4,1002,350,757,28,29023,4,0,0,4043,1
1096,ANGELING,Angeling,Angeling,20,55000,0,163,144,1,120,195,0,70,1,50,20,75,68,200,10,12,1,8,86,0x37B5,200,1072,672,672,0,0,0,0,0,0,0,0,2254,100,2324,60,610,500,2282,1,509,2000,512,28,714,40,29024,4,0,0,4054,1
1104,COCO,Coco,Coco,17,817,0,120,78,1,56,67,0,0,24,17,34,20,24,10,10,12,0,2,22,0x91,150,1864,864,1008,0,0,0,0,0,0,0,0,1026,9000,2502,20,914,3000,919,2500,516,500,2402,25,578,600,29027,4,0,0,4041,1
1109,DEVIRUCHI,Deviruchi,Deviruchi,46,6666,0,2662,1278,1,475,560,10,25,1,69,40,55,70,30,10,12,0,6,27,0x3795,150,980,600,384,0,0,0,0,0,0,0,0,1038,5335,1039,400,984,2,1458,2,1009,5,912,1500,756,154,29028,4,0,0,4122,1
1113,DROPS,Drops,Drops,3,55,0,4,3,1,10,13,0,0,1,3,3,0,12,15,10,12,1,3,23,0x83,400,1372,672,480,0,0,0,0,0,0,0,0,909,7500,1602,80,938,500,512,1100,713,1700,512,800,620,20,29029,16,0,0,4004,1
1117,EVIL_DRUID,Evil Druid,Evil Druid,58,16506,0,2890,1827,1,420,670,5,60,1,29,58,80,68,30,10,12,2,1,89,0x3695,300,2276,576,336,0,0,0,0,0,0,0,0,2217,10,1615,1,2508,2,1551,10,610,200,7478,4,509,2000,29030,4,0,0,4141,1
//Altered Soulstrike drop (695,100 to 695,10)
1120,GHOSTRING,Ghostring,Ghostring,18,73300,0,101,108,1,82,122,0,60,40,27,18,45,72,30,10,12,1,6,88,0x37B5,300,1220,1080,648,0,0,0,0,0,0,0,0,1059,5335,2274,100,2336,50,604,500,603,10,714,30,695,10,29113,4,0,0,4047,1
1122,GOBLIN_1,Goblin,Goblin,25,1176,0,310,188,1,118,140,10,5,1,53,25,20,38,10,10,12,1,7,24,0x3695,100,1120,620,240,0,0,0,0,0,0,0,0,998,270,911,9000,756,43,2297,3,1211,10,2104,5,507,1800,29031,4,0,0,4060,1
1123,GOBLIN_2,Goblin,Goblin,24,1034,0,287,176,1,88,100,10,5,1,24,24,15,66,10,10,12,1,7,23,0x3095,150,1320,620,240,0,0,0,0,0,0,0,0,998,250,911,9000,5010,3,1511,10,2104,1,507,1550,2297,3,29032,4,0,0,4060,1
1124,GOBLIN_3,Goblin,Goblin,24,1034,0,357,176,1,132,165,10,5,1,24,24,15,24,10,10,12,1,7,25,0x308D,250,1624,624,240,0,0,0,0,0,0,0,0,998,230,911,9000,2275,3,5088,15,2104,1,507,1550,508,220,29033,4,0,0,4060,1
1125,GOBLIN_4,Goblin,Goblin,23,1359,0,264,164,1,109,131,10,5,1,23,46,15,36,10,10,12,1,7,22,0x308D,200,1624,624,240,0,0,0,0,0,0,0,0,993,100,998,170,5087,15,2263,3,1508,10,2104,1,507,1500,29034,4,0,0,4060,1
1126,GOBLIN_5,Goblin,Goblin,22,1952,0,241,152,1,105,127,10,5,1,22,22,15,32,10,10,12,1,7,21,0x308D,300,3074,1874,480,0,0,0,0,0,0,0,0,998,150,911,9000,1605,15,2104,1,5089,15,507,1500,508,220,29035,4,0,0,4060,1
1127,HODE,Hode,Hode,26,2282,0,550,300,1,146,177,0,30,1,26,42,5,49,40,10,12,1,2,42,0x81,200,1480,480,720,0,0,0,0,0,0,0,0,993,120,1055,9000,757,80,938,3000,1147,10,7021,1,632,20,29036,4,0,0,4081,1
1130,JAKK,Jakk,Jakk,38,3581,0,1408,880,1,315,382,5,30,1,38,38,43,75,45,10,12,1,0,43,0x3695,200,1180,480,648,0,0,0,0,0,0,0,0,1062,9000,912,900,985,31,2331,5,1008,5,535,1000,29037,4,0,0,0,0,4109,1
1133,KOBOLD_1,Kobold,Kobold,36,3893,0,988,625,1,265,318,15,10,1,90,36,30,52,20,10,12,1,7,44,0x308D,150,1028,528,360,0,0,0,0,0,0,0,0,999,100,1034,5335,912,700,757,25,1220,2,2104,5,29038,4,0,0,0,0,4091,1
1134,KOBOLD_2,Kobold,Kobold,31,2179,0,806,407,1,262,324,15,10,1,31,31,20,46,20,10,12,1,7,45,0x308D,200,1528,528,360,0,0,0,0,0,0,0,0,999,100,1034,5335,912,200,2104,3,508,100,2101,100,29039,4,0,0,0,0,4091,1
1135,KOBOLD_3,Kobold,Kobold,31,2179,0,644,407,1,186,216,15,10,1,31,31,20,88,20,10,12,1,7,43,0x308D,300,1228,528,360,0,0,0,0,0,0,0,0,990,35,999,100,1034,5335,912,200,0,0,2104,3,508,100,29040,4,0,0,4091,1
//1136,KOBOLD_4,Kobold,Kobold,31,2179,0,806,407,1,262,324,15,10,1,31,31,20,46,20,10,12,1,7,45,0x31AD,200,1528,528,360,0,0,0,0,0,0,0,0,999,50,1034,5335,912,100,1355,5,2104,3,508,100,1301,150,29041,4,0,0,4091,1
//1137,KOBOLD_5,Kobold,Kobold,31,2179,0,644,407,1,186,216,15,10,1,31,31,20,88,20,10,12,1,7,43,0x31AD,300,1228,528,360,0,0,0,0,0,0,0,0,999,40,1034,5335,912,100,1514,5,2104,3,508,100,1501,150,29042,4,0,0,4091,1
1140,MARDUK,Marduk,Marduk,40,4214,0,1238,752,1,315,382,0,60,1,40,20,79,78,20,10,12,2,7,23,0x3095,300,1540,840,504,0,0,0,0,0,0,0,0,994,35,1045,4365,1608,10,2617,1,1614,3,691,100,642,20,29043,4,0,0,4112,1
//Altered spell scroll drop (699,100 to 699,10)
1143,MARIONETTE,Marionette,Marionette,41,3222,0,1078,1276,1,355,422,0,25,1,62,36,44,69,45,10,12,0,6,68,0x3195,300,1480,480,1056,0,0,0,0,0,0,0,0,1060,9000,2294,5,2605,1,699,10,1520,15,2407,1,5141,3,29044,4,0,0,4113,1
1145,MARTIN,Martin,Martin,18,1109,0,134,86,1,52,63,0,5,12,18,30,15,15,5,10,12,0,2,42,0x81,300,1480,480,480,0,0,0,0,0,0,0,0,1017,9000,1018,500,1251,10,2225,5,5009,1,10010,10,2224,15,29045,4,0,0,4046,1
1155,PETIT,Petite,Petite,44,6881,0,1677,1034,1,360,427,30,30,1,44,62,55,79,60,10,12,1,9,22,0x3095,200,1624,620,384,0,0,0,0,0,0,0,0,1035,5335,1037,300,756,140,509,1000,1510,150,912,1500,606,15,29046,4,0,0,4118,1
1156,PETIT_,Petite,Petite,45,5747,0,1758,1075,1,300,355,20,45,1,113,45,55,73,80,10,12,1,9,24,0x3095,150,1420,1080,528,0,0,0,0,0,0,0,0,1036,5335,1037,300,985,61,509,1000,13006,5,912,1500,606,15,29047,4,0,0,4120,1
1157,PHARAOH,Pharaoh,Pharaoh,93,445997,0,114990,41899,1,2267,3015,67,70,1,93,100,104,89,112,10,12,2,7,67,0x37B5,125,868,768,288,57495,10000,607,5500,526,5000,732,5000,7113,5820,7114,2500,1136,100,2327,150,5002,500,1552,300,1231,80,29114,4,0,0,4148,1
1163,RAYDRIC,Raydric,Raydric,52,8613,0,3410,1795,1,830,930,40,15,58,47,42,5,69,26,10,12,2,7,47,0x3095,150,824,780,420,0,0,0,0,0,0,0,0,985,106,2266,1,2315,2,1158,2,1116,100,1004,10,7054,4850,29048,4,0,0,4133,1
1166,SAVAGE,Savage,Savage,26,2092,0,521,248,1,120,150,10,5,1,26,54,10,37,15,10,12,2,2,42,0x91,150,1960,960,384,0,0,0,0,0,0,0,0,1028,9000,514,300,702,2,2276,1,605,10,757,70,526,2,29049,4,0,0,4078,1
1167,SAVAGE_BABE,Savage Babe,Savage Babe,7,182,0,14,12,1,20,25,0,0,1,7,14,5,12,35,10,12,0,2,22,0x81,400,1624,624,576,0,0,0,0,0,0,0,0,919,9000,1302,100,517,500,1750,1000,949,850,1010,80,627,40,29050,16,0,0,4017,1
1178,ZEROM,Zerom,Zerom,23,1109,0,240,149,1,127,155,0,10,1,23,23,5,42,0,10,12,1,7,23,0x3885,200,1780,1080,432,0,0,0,0,0,0,0,0,1011,55,998,190,2339,200,2265,3,2408,10,1002,300,1002,300,29052,4,0,0,4064,1
1179,WHISPER,Whisper,Whisper,34,1796,0,591,599,1,180,221,0,45,1,51,14,0,60,0,10,12,0,6,68,0x3195,150,1960,960,504,0,0,0,0,0,0,0,0,1001,150,1059,5335,2282,1,2333,10,29053,4,0,0,0,0,0,0,0,0,4102,1
1188,BON_GUN,Bongun,Bongun,32,3520,0,424,242,1,220,260,0,0,45,15,36,10,48,15,10,12,1,1,29,0x3095,200,1720,500,420,0,0,0,0,0,0,0,0,1094,5500,7014,40,618,60,5046,1,609,15,508,1000,508,1250,29101,4,0,0,4212,1
1191,MIMIC,Mimic,Mimic,51,6120,0,165,165,1,150,900,10,40,44,121,1,60,75,110,10,12,1,0,60,0x3095,100,972,500,288,0,0,0,0,0,0,0,0,617,5,603,45,1065,1200,611,3000,714,3,2626,1,757,270,29054,4,0,0,4205,1
1193,ALARM,Alarm,Alarm,58,10647,0,3987,2300,1,480,600,15,15,1,62,72,10,85,45,10,12,1,0,60,0x3695,300,1020,500,768,0,0,0,0,0,0,0,0,1095,5335,2607,1,7005,1500,611,1300,984,105,7026,20,912,1500,29055,4,0,0,4244,1
1195,RIDEWORD,Rideword,Rideword,59,11638,0,2007,3106,1,584,804,5,35,48,75,10,20,120,45,10,12,0,0,60,0x3695,150,864,500,192,0,0,0,0,0,0,0,0,1097,4850,1553,4,1554,4,1555,2,1556,2,7015,300,1006,20,29056,4,0,0,4185,1
1198,DARK_PRIEST,Dark Priest,Dark Priest,79,101992,0,12192,5152,2,1238,2037,56,70,5,91,41,101,103,42,10,12,1,6,89,0x31AD,200,864,1252,476,0,0,0,0,0,0,0,0,1557,5,2608,30,505,100,716,450,1009,50,2319,5,1241,1,29057,4,0,0,4171,1
1200,ZHERLTHSH,Zherlthsh,Zealotus,63,18300,0,3608,2304,1,700,850,10,15,70,85,40,30,125,60,10,12,1,7,60,0x308D,200,800,2112,768,0,0,0,0,0,0,0,0,7017,5,509,1800,7293,1500,2331,8,2622,1,1970,100,2291,3,29058,4,0,0,4277,1
1203,MYSTELTAINN,Mysteltainn,Mysteltainn,76,33350,0,6457,5159,2,1160,1440,30,30,77,139,80,35,159,65,10,12,2,0,87,0x37B5,250,1152,500,240,0,0,0,0,0,0,0,0,7019,1,7297,1500,1152,70,1155,40,1163,2,999,120,984,243,29059,4,0,0,4207,1
1204,TIRFING,Tirfing,Ogretooth,71,29900,0,5412,4235,1,950,1146,30,35,58,87,55,35,132,65,10,12,1,0,67,0x37B5,100,816,500,240,0,0,0,0,0,0,0,0,7022,1,638,50,7292,1500,1214,70,1217,40,999,120,984,189,29060,4,0,0,4254,1
1205,EXECUTIONER,Executioner,Executioner,65,28980,0,4730,3536,2,570,950,35,35,64,85,40,25,88,60,10,12,2,0,47,0x37B5,200,768,500,384,0,0,0,0,0,0,0,0,7024,5,7290,1500,1111,80,1114,60,1125,40,999,120,984,145,29061,4,0,0,4250,1
1207,STING,Sting,Sting,61,9500,0,4081,2970,1,850,1032,5,30,57,45,55,5,120,85,10,12,1,0,62,0x3695,300,528,500,240,0,0,0,0,0,0,0,0,7004,4850,1756,1500,2624,1,1003,130,997,25,10007,10,719,3,29062,4,0,0,4226,1
1208,WANDER_MAN,Wander Man,Wanderer,74,8170,0,5786,4730,2,450,1170,5,5,1,192,38,45,127,85,10,12,1,6,24,0x3795,100,672,500,192,0,0,0,0,0,0,0,0,7005,4850,616,1,13015,5,2270,5,610,650,984,217,1164,1,29063,4,0,0,4210,1
1216,PENOMENA,Penomena,Penomena,57,7256,0,2870,2200,7,415,565,5,50,1,5,35,15,136,30,10,12,1,5,25,0x3695,400,832,500,600,0,0,0,0,0,0,0,0,7013,4850,962,8000,938,7000,525,200,719,15,1258,1,716,550,29064,4,0,0,4314,1
//Altered frost scroll drop (700,100 to 700,3)
1242,MARIN,Marin,Marin,15,742,0,66,44,1,39,43,0,10,1,10,10,5,35,15,10,12,1,3,41,0x81,400,1872,672,480,0,0,0,0,0,0,0,0,910,3200,938,1500,700,3,720,40,510,75,529,350,5035,1,29065,16,0,0,4196,1
1248,CRUISER,Cruiser,Cruiser,35,2820,0,1100,450,7,175,215,5,5,1,40,10,10,90,25,10,12,1,0,60,0x2085,400,1296,1296,432,0,0,0,0,0,0,0,0,1098,900,2251,2,998,320,996,5,911,3500,13150,5,756,87,29066,4,0,0,4297,1
1251,KNIGHT_OF_WINDSTORM,Knight of Windstorm,Stormy Knight,77,240000,0,64350,21450,2,1425,1585,35,60,75,185,83,55,130,79,10,12,2,0,84,0x37B5,200,468,468,288,32175,10000,720,4500,2406,500,995,3000,1468,150,603,3000,617,4000,2621,200,2506,500,985,4559,5007,1,29117,3,0,0,4318,1
1259,GRYPHON,Gryphon,Gryphon,72,27800,0,5896,4400,1,880,1260,35,35,68,95,78,65,115,75,10,12,2,2,84,0x37B5,100,704,504,432,0,0,0,0,0,0,0,0,7048,2500,7054,5335,7063,120,1452,1500,1417,1,984,185,996,150,29067,4,0,0,4163,1
//Changed Legacy book drop (1559,400 to 1559,15).
1262,MUTANT_DRAGON,Mutant Dragon,Mutant Dragonoid,65,62600,0,4730,3536,4,2400,3400,15,20,75,47,30,68,45,35,10,12,2,9,43,0x37B5,250,1280,1080,240,0,0,0,0,0,0,0,0,7054,4850,1035,500,1036,500,930,500,1559,15,7296,1500,2527,50,29069,4,0,0,4203,1
1267,CARAT,Carat,Carat,51,5200,0,1926,1353,1,330,417,0,25,1,41,45,5,85,155,10,12,1,6,44,0x3795,200,1078,768,384,0,0,0,0,0,0,0,0,7054,3200,536,1000,2409,5,5003,1,0,0,0,0,509,1450,29070,4,0,0,4288,1
1268,BLOODY_KNIGHT,Bloody Knight,Bloody Knight,82,57870,0,10120,6820,3,2150,3030,60,50,88,75,70,77,125,55,10,12,2,0,87,0x3695,250,828,528,192,0,0,0,0,0,0,0,0,7054,4850,2229,45,2317,5,2125,62,1170,1,1417,2,985,433,29118,4,0,0,4320,1
//Altered Heal Scroll Drop (12002,100 to 12002,50)
1275,ALICE,Alice,Alice,62,10000,0,3583,2400,1,550,700,5,5,64,64,42,85,100,130,10,12,1,7,60,0x91,200,502,2304,480,0,0,0,0,0,0,0,0,7047,2500,637,40,2407,3,739,30,5085,1,12128,10,12002,50,29071,4,0,0,4253,1
1292,MINI_DEMON,Mini Demon,Mini Demon,68,32538,0,8396,3722,1,1073,1414,30,25,5,75,40,55,89,42,10,12,0,6,27,0x3795,150,1000,600,384,0,0,0,0,0,0,0,0,1038,4413,1039,450,2255,3,757,160,912,2500,1009,10,1478,5,29072,4,0,0,4204,1
1295,OWL_BARON,Owl Baron,Owl Baron,75,60746,0,10967,4811,2,1252,1610,65,25,25,25,80,95,95,55,10,12,2,6,60,0x37B5,175,1345,824,440,0,0,0,0,0,0,0,0,7071,3500,7063,2500,1716,2,1472,1,1402,25,693,100,5045,5,29073,4,0,0,4238,1
1302,DARK_ILLUSION,Dark Illusion,Dark Illusion,77,103631,0,11163,4181,2,1300,1983,64,70,5,100,40,100,97,40,10,12,2,6,89,0x37B5,145,1024,768,480,0,0,0,0,0,0,0,0,1615,3,5017,2,2508,3,7054,5335,522,120,509,1550,1162,2,29074,4,0,0,4169,1
1306,LEIB_OLMAI,Leib Olmai,Leib Olmai,58,24233,0,6011,2171,1,740,1390,27,31,5,35,95,5,64,85,10,12,2,2,22,0x3695,175,1260,230,192,0,0,0,0,0,0,0,0,948,4550,2289,8,740,120,518,500,526,500,969,5,7053,800,29075,4,0,0,4188,1
//Altered Silver Ring drop (2611,160 to 2611,16)
1310,MAJORUROS,Majoruros,Majoruros,66,57991,0,8525,3799,1,780,1300,10,25,65,50,75,50,85,48,10,12,2,2,43,0x3695,250,1100,960,780,0,0,0,0,0,0,0,0,941,4413,1361,4,568,300,984,16,509,1850,2611,16,1000,250,29076,4,0,0,4201,1
1315,ASSULTER,Assaulter,Assaulter,71,11170,0,4854,2654,2,764,1499,35,28,85,74,10,35,100,100,10,12,1,7,44,0x3695,155,1000,900,432,0,0,0,0,0,0,0,0,967,4413,7069,1200,7072,840,508,1280,912,1240,13300,5,603,1,29077,4,0,0,4246,1
1316,SOLIDER,Solider,Solider,70,12099,0,4458,1951,2,797,979,57,43,69,35,85,5,74,100,10,12,1,2,42,0x91,250,1452,483,528,0,0,0,0,0,0,0,0,967,4413,7070,64,7067,850,508,2100,912,1240,518,850,1519,1,29078,4,0,0,4220,1
//Drop altered (697,100 to 697,15)(526,140 to 526,10)
1318,HEATER,Heater,Heater,68,11020,0,3766,2359,2,683,1008,40,42,69,47,25,5,71,100,10,12,1,2,43,0x3695,250,1452,483,528,0,0,0,0,0,0,0,0,967,4413,7070,750,697,15,912,1640,526,10,7054,600,7068,1250,29080,4,0,0,4331,1
//Drop altered (526,160 to 526,10)
1319,FREEZER,Freezer,Freezer,72,8636,0,3665,2197,2,671,983,55,43,69,41,59,5,67,100,10,12,1,2,41,0x3695,250,1452,483,528,0,0,0,0,0,0,0,0,967,4413,7070,850,7066,1250,912,1800,526,10,7053,600,689,100,29081,4,0,0,4319,1
1365,APOCALIPS,Apocalypse,Apocalypse,66,22880,0,6540,4935,2,1030,1370,62,49,1,48,120,48,66,85,10,12,2,0,60,0x91,400,1840,1440,384,0,0,0,0,0,0,0,0,7095,5335,7094,2400,7093,2200,985,5,13161,1,2506,20,999,2500,29082,4,0,0,4242,1
1366,LAVA_GOLEM,Lava Golem,Lava Golem,77,24324,0,6470,3879,1,1541,2049,65,50,1,57,115,70,76,68,10,12,2,0,83,0x3095,400,2190,2040,336,0,0,0,0,0,0,0,0,7096,4559,7097,3686,2317,1,2316,2,509,2500,1818,20,29083,4,0,0,0,0,4184,1
//Removed Cursed Water (12020,1000 to 0,0)
1371,FAKE_ANGEL,Fake Angel,False Angel,65,16845,0,3371,1949,2,513,682,50,35,1,64,57,70,61,88,10,12,0,8,66,0x3885,160,920,720,336,0,0,0,0,0,0,0,0,0,0,0,0,717,1000,715,1000,716,1000,1974,20,29084,4,0,0,0,0,4316,1
1372,GOAT,Goat,Goat,69,11077,0,3357,2015,1,457,608,44,25,1,58,66,62,67,43,10,12,1,2,63,0x1089,165,1380,1080,336,0,0,0,0,0,0,0,0,7106,4559,7107,2500,713,5000,507,500,510,1000,508,2500,511,5500,29085,4,0,0,4150,1
//(2610,500 to 2610,15)(2613,150 to 2613,15)
1374,INCUBUS,Incubus,Incubus,75,17281,0,5254,4212,2,1408,1873,58,46,1,97,95,103,89,87,10,12,1,6,67,0x3795,165,850,600,336,0,0,0,0,0,0,0,0,522,1500,509,5500,5072,1,2621,1,2610,15,2613,15,509,2200,29086,4,0,0,4269,1
1382,DIABOLIC,Diabolic,Diabolic,67,9642,0,3662,2223,1,796,1059,64,36,1,84,53,67,71,69,10,12,0,6,47,0x3985,150,1080,780,180,0,0,0,0,0,0,0,0,1038,5820,1039,4850,2605,3,984,20,1263,10,29088,4,0,0,0,0,0,0,4182,1
1384,DELETER,Deleter,Deleter,66,17292,0,3403,2066,1,446,593,45,53,1,104,40,65,72,54,10,12,1,9,43,0x308D,175,1020,720,384,0,0,0,0,0,0,0,0,7123,4074,1035,5335,1037,3880,1036,3589,29089,4,0,0,0,0,0,0,0,0,4158,1
1385,DELETER_,Deleter,Deleter,65,15168,0,3403,2066,1,446,593,52,53,1,66,40,65,72,68,10,12,1,9,43,0x308D,175,1024,624,336,0,0,0,0,0,0,0,0,7123,4074,1035,5335,1037,3880,1036,3589,29090,4,0,0,0,0,0,0,0,0,4279,1
1391,GALAPAGO,Galapago,Galapago,61,9145,0,3204,1966,1,457,608,33,33,1,56,56,45,66,57,10,12,0,2,22,0x108B,165,1430,1080,1080,0,0,0,0,0,0,0,0,7053,5335,610,100,508,3500,606,100,605,100,5111,1,582,1000,29091,4,0,0,4152,1
//Drop (2654,100 to 2654,1)
1401,SHINOBI,Shinobi,Shinobi,69,12700,0,4970,3010,2,460,1410,34,21,85,85,25,25,100,100,10,12,1,7,67,0x3695,150,1003,1152,336,0,0,0,0,0,0,0,0,7156,5335,2337,2,7053,2200,2654,1,2336,1,7157,2000,13013,5,29121,4,0,0,4230,1
1403,ANTIQUE_FIRELOCK,Antique Firelock,Firelock Soldier,47,3852,0,1293,1003,10,289,336,10,10,15,35,29,15,120,42,10,12,1,1,49,0x2085,170,1084,2304,576,0,0,0,0,0,0,0,0,998,5500,2285,1,7126,1400,508,40,549,350,525,250,13152,5,29092,4,0,0,4160,1
1406,KAPHA,Kapha,Kapha,41,7892,0,2278,1552,3,399,719,20,38,1,51,49,22,73,45,10,12,1,5,21,0x3885,165,2012,1728,672,0,0,0,0,0,0,0,0,7149,6500,7053,3500,13304,20,521,2300,708,2,1915,10,13008,5,29093,4,0,0,4287,1
1409,RICE_CAKE_BOY,Rice Cake Boy,Dumpling Child,27,2098,0,231,149,1,112,134,5,12,1,22,29,5,41,10,10,12,0,7,20,0x91,160,647,768,420,0,0,0,0,0,0,0,0,7150,3200,7151,2500,2262,1,7192,5000,553,1000,7187,3000,29094,4,0,0,0,0,4154,1
1412,EVIL_CLOUD_HERMIT,Evil Cloud Hermit,Taoist Hermit,56,10392,0,3304,2198,10,311,333,25,59,1,20,18,50,136,11,10,12,2,0,40,0x2085,190,480,840,432,0,0,0,0,0,0,0,0,7162,4656,548,5600,550,4500,553,6800,1908,2,757,150,693,100,29095,4,0,0,4262,1
1512,HYEGUN,Hyegun,Yao Jun,56,9981,0,2199,1022,1,710,1128,12,10,60,40,36,10,73,15,10,12,1,1,49,0x3885,180,890,1320,720,0,0,0,0,0,0,0,0,7054,3880,609,100,985,10,2406,1,7277,300,29100,4,0,0,0,0,0,0,4328,1
1519,CHUNG_E,Chung E,Green Maiden,49,23900,0,2396,993,1,460,1050,8,15,38,65,43,30,90,15,10,12,1,7,40,0x3695,170,1728,816,1188,0,0,0,0,0,0,0,0,7053,4850,740,100,1806,10,518,500,29103,4,0,0,0,0,5042,2,0,0,0,0
1585,MIME_MONKEY,Mime Monkey,Mime Monkey,40,6000,0,200,22,3,300,350,40,40,1,40,40,40,40,30,10,12,1,3,21,0x83,400,1872,672,480,0,0,0,0,0,0,0,0,909,7000,1202,100,938,400,512,1000,713,1500,741,5,619,20,29106,4,0,0,0,0
1616,PITMAN,Pitman,Pitman,43,5015,0,1799,1083,1,290,486,22,26,0,15,5,5,52,36,10,12,2,1,42,0x91,180,960,336,300,0,0,0,0,0,0,0,0,7318,3000,7319,500,998,800,999,500,1003,100,1041,1000,7327,80,29108,4,0,0,4335,1
